#data for Fig. 4(a) for isotropic spin couplings

#tau: evolution time

#Delta_rms: root-mean-square of Delta = (x1 - x2)/2
#Delta_std: standard error on Delta_rms estimated from sampling 

#X_rms: root-mean-square of X = (x1 + x2)/2
#X_std: standard error on X_rms estimated from sampling

#corr(x1,x2): correlation coefficient of x1, x2. 
#std on corr(x1,x2) estimated from sampling.

tau 	 Delta_rms 	 Delta_std 	  	 X_rms	 	 X_std		corr(x1,x2)  	 std on corr(x1,x2) 

0.0 	 0.000000 	 0.000000 	 	 0.000000 	 0.000000 	     0.00000000 	 0.000000 
0.2 	 0.195059 	 0.000157257 	 0.195069 	 0.000157294 	 5.11118e-05 	 0.000202733 
0.4 	 0.368897 	 0.000868788 	 0.369478 	 0.000809331 	 0.00159797 	 0.0026515 
0.6 	 0.524423 	 0.00179727 	 0.527236 	 0.00160739 	 0.00542458 	 0.00855779 
0.8 	 0.669725 	 0.00288864 	 0.678365 	 0.0025229 	 0.0129583 	 0.0164571 
1 	 0.803435 	 0.00447552 	 0.824252 	 0.00361586 	 0.025913 	 0.0268111 
1.2 	 0.925559 	 0.00647685 	 0.962027 	 0.00492592 	 0.039262 	 0.0377457 
1.4 	 1.03751 	 0.00873115 	 1.08955 	 0.00638479 	 0.0499056 	 0.0477482 
1.6 	 1.14025 	 0.011065 	 1.20582 	 0.00792032 	 0.0572342 	 0.0560877 
1.8 	 1.23457 	 0.0134013 	 1.31087 	 0.00950442 	 0.0616491 	 0.062883 
2 	 1.32053 	 0.0157259 	 1.40589 	 0.0111063 	 0.0646706 	 0.0684191 
2.2 	 1.39777 	 0.0179988 	 1.49254 	 0.0126912 	 0.0679639 	 0.0727224 
2.4 	 1.46612 	 0.0202089 	 1.57152 	 0.014256 	 0.072107 	 0.0761203 
2.6 	 1.52661 	 0.0223613 	 1.64295 	 0.0157615 	 0.0764818 	 0.078798 
2.8 	 1.58005 	 0.0243415 	 1.70834 	 0.0172492 	 0.0814107 	 0.0807152 
3 	 1.62713 	 0.0260112 	 1.76912 	 0.0187525 	 0.087189 	 0.0816201 
3.2 	 1.66912 	 0.027348 	 1.82595 	 0.0202435 	 0.0933914 	 0.0816379 
3.4 	 1.70676 	 0.0283124 	 1.87947 	 0.0217813 	 0.0998529 	 0.0810494 
3.6 	 1.74077 	 0.0289551 	 1.92927 	 0.0233918 	 0.105964 	 0.0802453 
3.8 	 1.77115 	 0.0294088 	 1.97538 	 0.0250927 	 0.111821 	 0.0800038 
4 	 1.79744 	 0.0297586 	 2.01816 	 0.0268883 	 0.117926 	 0.0805942 
4.2 	 1.82051 	 0.0300912 	 2.05643 	 0.0286464 	 0.123361 	 0.081511 
4.4 	 1.84111 	 0.0304291 	 2.08932 	 0.0302959 	 0.127409 	 0.0822989 
4.6 	 1.85894 	 0.0307752 	 2.1169 	 0.0318711 	 0.130331 	 0.0828712 
4.8 	 1.87385 	 0.0312058 	 2.13933 	 0.0333131 	 0.132409 	 0.08319 
5 	 1.88609 	 0.0317671 	 2.15679 	 0.0345794 	 0.133671 	 0.0834849 
5.2 	 1.89598 	 0.0324337 	 2.16956 	 0.035673 	 0.13412 	 0.0839065 
5.4 	 1.90348 	 0.0331525 	 2.17818 	 0.0365608 	 0.134037 	 0.084172 
5.6 	 1.90836 	 0.0338573 	 2.18322 	 0.0372622 	 0.133783 	 0.0842504 
5.8 	 1.91074 	 0.0344526 	 2.18511 	 0.0378121 	 0.133421 	 0.0840532 
6 	 1.91071 	 0.0348687 	 2.18429 	 0.0382107 	 0.133073 	 0.083357 
6.2 	 1.90836 	 0.0350454 	 2.18107 	 0.038514 	 0.132742 	 0.0822621 
6.4 	 1.90423 	 0.0349101 	 2.17557 	 0.0387521 	 0.132164 	 0.0809318 
6.6 	 1.89886 	 0.0344421 	 2.16789 	 0.0388973 	 0.131104 	 0.0794933 
6.8 	 1.8928 	 0.0337256 	 2.15816 	 0.038964 	 0.129367 	 0.0785227 
7 	 1.88619 	 0.0328573 	 2.14685 	 0.0389597 	 0.127133 	 0.0783545 
7.2 	 1.87899 	 0.0319246 	 2.13461 	 0.0388161 	 0.124825 	 0.078558 
7.4 	 1.87122 	 0.0310403 	 2.12187 	 0.0384837 	 0.122704 	 0.0786783 
7.6 	 1.86276 	 0.0302728 	 2.10892 	 0.0380232 	 0.120979 	 0.078515 
7.8 	 1.85336 	 0.0296304 	 2.09603 	 0.0375548 	 0.11985 	 0.0779965 
8 	 1.84323 	 0.0291233 	 2.08309 	 0.0371775 	 0.119105 	 0.0772045 
8.2 	 1.83281 	 0.0287762 	 2.06975 	 0.0369371 	 0.118318 	 0.0762773 
8.4 	 1.82233 	 0.0285945 	 2.05584 	 0.0368283 	 0.117277 	 0.0753357 
8.6 	 1.81202 	 0.0285477 	 2.0415 	 0.0367888 	 0.115933 	 0.0743689 
8.8 	 1.80197 	 0.0286009 	 2.02701 	 0.0367262 	 0.114412 	 0.073157 
9 	 1.7924 	 0.0286559 	 2.01278 	 0.0366175 	 0.112737 	 0.0717083 
9.2 	 1.78373 	 0.0285685 	 1.99921 	 0.0364838 	 0.110799 	 0.0703018 
9.4 	 1.77585 	 0.0283045 	 1.98681 	 0.0362657 	 0.108927 	 0.0688333 
9.6 	 1.76891 	 0.0278332 	 1.97613 	 0.0359214 	 0.107344 	 0.0672096 
9.8 	 1.7634 	 0.0271681 	 1.96753 	 0.0354453 	 0.105971 	 0.065787 
10 	 1.75952 	 0.026446 	 1.96109 	 0.0347938 	 0.104837 	 0.0647161 
10.2 	 1.75734 	 0.0257392 	 1.9567 	 0.034006 	 0.103889 	 0.0641267 
10.4 	 1.7563 	 0.0250925 	 1.95423 	 0.0331552 	 0.103346 	 0.0641716 
10.6 	 1.75593 	 0.0245199 	 1.95317 	 0.03233 	 0.103165 	 0.0649669 
10.8 	 1.75564 	 0.0240343 	 1.95292 	 0.0316181 	 0.103317 	 0.0665754 
11 	 1.75478 	 0.0236324 	 1.95289 	 0.0310505 	 0.103852 	 0.0685372 
11.2 	 1.7533 	 0.0232723 	 1.95235 	 0.0306436 	 0.10441 	 0.0702702 
11.4 	 1.75115 	 0.0229657 	 1.95093 	 0.0303757 	 0.104857 	 0.0713024 
11.6 	 1.74834 	 0.0227635 	 1.94845 	 0.0302252 	 0.105148 	 0.0716241 
11.8 	 1.74522 	 0.0227214 	 1.9448 	 0.0301736 	 0.105049 	 0.0714783 
12 	 1.74206 	 0.0228711 	 1.94022 	 0.0301751 	 0.104567 	 0.0708745 
12.2 	 1.73886 	 0.0231792 	 1.93561 	 0.0302066 	 0.104164 	 0.0700153 
12.4 	 1.73539 	 0.0235453 	 1.93217 	 0.0302612 	 0.104551 	 0.0692213 
12.6 	 1.73165 	 0.0238768 	 1.93048 	 0.0303356 	 0.105995 	 0.0683293 
12.8 	 1.72813 	 0.0240697 	 1.93067 	 0.0304626 	 0.108202 	 0.0672938 
13 	 1.72536 	 0.0240728 	 1.93269 	 0.0306388 	 0.110809 	 0.066455 
13.2 	 1.72393 	 0.0239378 	 1.93605 	 0.0308006 	 0.113254 	 0.0656594 
13.4 	 1.72447 	 0.0236739 	 1.94029 	 0.0309392 	 0.114966 	 0.0647459 
13.6 	 1.72701 	 0.0232972 	 1.94506 	 0.0310789 	 0.115738 	 0.0640447 
13.8 	 1.73106 	 0.0228881 	 1.95021 	 0.0311836 	 0.115825 	 0.0637147 
14 	 1.73615 	 0.0224848 	 1.95573 	 0.0312265 	 0.115545 	 0.0636413 
14.2 	 1.74182 	 0.0221279 	 1.96165 	 0.0312084 	 0.115193 	 0.0637776 
14.4 	 1.7476 	 0.0218632 	 1.96787 	 0.0311148 	 0.115018 	 0.0639979 
14.6 	 1.75347 	 0.0217052 	 1.97382 	 0.0309639 	 0.114726 	 0.0640241 
14.8 	 1.75918 	 0.0216863 	 1.97924 	 0.0307851 	 0.114329 	 0.0636768 
15 	 1.76439 	 0.0217926 	 1.98417 	 0.030591 	 0.114013 	 0.0628623 
15.2 	 1.76889 	 0.022022 	 1.98854 	 0.0303498 	 0.113894 	 0.0613638 
15.4 	 1.77239 	 0.0223242 	 1.99253 	 0.030079 	 0.114202 	 0.0591893 
15.6 	 1.77524 	 0.0225918 	 1.99627 	 0.0298279 	 0.114729 	 0.0566345 
15.8 	 1.77768 	 0.0228324 	 1.99976 	 0.029551 	 0.115364 	 0.0539899 
16 	 1.77966 	 0.0229942 	 2.0033 	 0.0292266 	 0.116272 	 0.051576 
16.2 	 1.78169 	 0.0230039 	 2.00711 	 0.0288787 	 0.117228 	 0.0497207 
16.4 	 1.78396 	 0.0228835 	 2.01125 	 0.0285124 	 0.118149 	 0.048688 
16.6 	 1.78612 	 0.0226553 	 2.01595 	 0.0281156 	 0.119349 	 0.0484914 
16.8 	 1.78847 	 0.0223764 	 2.02086 	 0.0276771 	 0.120517 	 0.0489368 
17 	 1.79128 	 0.0220762 	 2.02562 	 0.0272076 	 0.121332 	 0.0496616 
17.2 	 1.79407 	 0.0217304 	 2.03045 	 0.0267316 	 0.122177 	 0.0503489 
17.4 	 1.79657 	 0.0213222 	 2.03524 	 0.0263092 	 0.123113 	 0.0509372 
17.6 	 1.79887 	 0.0208766 	 2.03954 	 0.0259856 	 0.123869 	 0.0514066 
17.8 	 1.80095 	 0.0204513 	 2.04306 	 0.0257807 	 0.124338 	 0.051846 
18 	 1.80272 	 0.0201085 	 2.04561 	 0.0257107 	 0.124489 	 0.0522974 
18.2 	 1.80426 	 0.0199256 	 2.04688 	 0.0257669 	 0.12416 	 0.0526713 
18.4 	 1.80548 	 0.0200054 	 2.04683 	 0.0259235 	 0.123423 	 0.0531135 
18.6 	 1.80608 	 0.0203773 	 2.04585 	 0.0261457 	 0.122664 	 0.0537866 
18.8 	 1.80594 	 0.0209749 	 2.04432 	 0.0264064 	 0.122119 	 0.0546088 
19 	 1.80514 	 0.0217191 	 2.04267 	 0.0266917 	 0.121929 	 0.0554131 
19.2 	 1.80417 	 0.0224958 	 2.04118 	 0.0270334 	 0.121913 	 0.0562569 
19.4 	 1.80347 	 0.0232097 	 2.0398 	 0.0274532 	 0.12175 	 0.0570993 
19.6 	 1.8031 	 0.0238314 	 2.03834 	 0.0279137 	 0.12131 	 0.0576615 
19.8 	 1.80323 	 0.0243677 	 2.03656 	 0.0283782 	 0.120399 	 0.0581157 
20 	 1.80397 	 0.0248186 	 2.03431 	 0.0288448 	 0.11889 	 0.058735 
20.2 	 1.80497 	 0.0251805 	 2.03174 	 0.0293007 	 0.117033 	 0.0596179 
20.4 	 1.80603 	 0.025456 	 2.02905 	 0.0297216 	 0.115053 	 0.0607632 
20.6 	 1.80709 	 0.0256476 	 2.02644 	 0.0301208 	 0.113075 	 0.0620071 
20.8 	 1.80803 	 0.025783 	 2.0242 	 0.0305045 	 0.111321 	 0.0630909 
21 	 1.80861 	 0.0258575 	 2.02259 	 0.030867 	 0.110069 	 0.0636215 
21.2 	 1.80873 	 0.0258486 	 2.02174 	 0.0312081 	 0.109437 	 0.0633931 
21.4 	 1.80844 	 0.0258062 	 2.0217 	 0.0314934 	 0.109434 	 0.0626972 
21.6 	 1.8077 	 0.0257644 	 2.02249 	 0.0316798 	 0.110138 	 0.0618111 
21.8 	 1.8068 	 0.0257149 	 2.02395 	 0.031722 	 0.111318 	 0.0609146 
22 	 1.80588 	 0.025665 	 2.02599 	 0.031589 	 0.112863 	 0.0601602 
22.2 	 1.80479 	 0.0256197 	 2.02857 	 0.0312905 	 0.114838 	 0.0594888 
22.4 	 1.80398 	 0.0255627 	 2.03148 	 0.0308558 	 0.116876 	 0.0589776 
22.6 	 1.80357 	 0.0254704 	 2.0346 	 0.0303445 	 0.118799 	 0.0588179 
22.8 	 1.80348 	 0.0253235 	 2.03774 	 0.0298088 	 0.120532 	 0.0588735 
23 	 1.80396 	 0.0250999 	 2.0405 	 0.0293289 	 0.121702 	 0.0591897 
23.2 	 1.80474 	 0.0248173 	 2.04264 	 0.0289568 	 0.122311 	 0.05978 
23.4 	 1.80557 	 0.0245427 	 2.04401 	 0.0286242 	 0.122521 	 0.0601623 
23.6 	 1.80618 	 0.0243217 	 2.04469 	 0.0282928 	 0.122539 	 0.0601062 
23.8 	 1.8064 	 0.0241336 	 2.04486 	 0.0280028 	 0.122528 	 0.0596675 
24 	 1.80623 	 0.023959 	 2.04466 	 0.0277724 	 0.122538 	 0.0589153 
24.2 	 1.80558 	 0.023815 	 2.04408 	 0.0275953 	 0.122632 	 0.0580597 
24.4 	 1.80453 	 0.0237227 	 2.04313 	 0.0274642 	 0.122772 	 0.0572516 
24.6 	 1.80329 	 0.0236782 	 2.04195 	 0.0273629 	 0.122912 	 0.0564867 
24.8 	 1.80194 	 0.0236645 	 2.04076 	 0.0272664 	 0.123136 	 0.055658 
25 	 1.80059 	 0.023687 	 2.03967 	 0.0271762 	 0.123431 	 0.0547313 
25.2 	 1.79951 	 0.0237015 	 2.03882 	 0.0271263 	 0.123672 	 0.0536925 
25.4 	 1.79861 	 0.0236481 	 2.03856 	 0.0271277 	 0.124054 	 0.0526574 
25.6 	 1.79785 	 0.0235169 	 2.03928 	 0.0271457 	 0.124788 	 0.0518005 
25.8 	 1.79759 	 0.023321 	 2.04122 	 0.0271271 	 0.125814 	 0.0512094 
26 	 1.79822 	 0.0230705 	 2.04433 	 0.0270282 	 0.126918 	 0.0510541 
26.2 	 1.79997 	 0.0227535 	 2.04809 	 0.0268494 	 0.127711 	 0.051197 
26.4 	 1.80304 	 0.0223786 	 2.05199 	 0.026654 	 0.127821 	 0.0515116 
26.6 	 1.80727 	 0.0219802 	 2.05589 	 0.0264998 	 0.127268 	 0.052083 
26.8 	 1.81218 	 0.0216117 	 2.05957 	 0.0264328 	 0.126218 	 0.0529972 
27 	 1.81728 	 0.0213385 	 2.06268 	 0.0264808 	 0.124777 	 0.0542548 
27.2 	 1.82184 	 0.0212135 	 2.06513 	 0.0266274 	 0.12334 	 0.0556851 
27.4 	 1.82546 	 0.0212642 	 2.06696 	 0.0268525 	 0.122158 	 0.057131 
27.6 	 1.82804 	 0.0214889 	 2.068 	 0.0271108 	 0.121212 	 0.0585216 
27.8 	 1.82954 	 0.0218488 	 2.06818 	 0.0273316 	 0.120522 	 0.0596138 
28 	 1.83016 	 0.0222904 	 2.06761 	 0.0274817 	 0.120024 	 0.0600037 
28.2 	 1.82982 	 0.0227674 	 2.06662 	 0.0275742 	 0.119903 	 0.0594619 
28.4 	 1.82856 	 0.0232054 	 2.06553 	 0.0276487 	 0.12025 	 0.0581746 
28.6 	 1.82671 	 0.0236329 	 2.06461 	 0.0276685 	 0.121037 	 0.0565086 
28.8 	 1.8246 	 0.0240979 	 2.06392 	 0.027618 	 0.122123 	 0.0548481 
29 	 1.82285 	 0.0245643 	 2.06316 	 0.0275351 	 0.122999 	 0.0536303 
29.2 	 1.82175 	 0.0250128 	 2.06197 	 0.0274032 	 0.123329 	 0.0529812 
29.4 	 1.82112 	 0.0253834 	 2.06032 	 0.0272672 	 0.123147 	 0.0527334 
29.6 	 1.82068 	 0.0256042 	 2.05851 	 0.027212 	 0.122677 	 0.0527327 
29.8 	 1.82009 	 0.0256594 	 2.05682 	 0.0272863 	 0.122207 	 0.0528285 
30 	 1.81928 	 0.0255818 	 2.05531 	 0.0274764 	 0.121828 	 0.0529383 
30.2 	 1.81839 	 0.0254419 	 2.05406 	 0.0276997 	 0.121555 	 0.0530784 
30.4 	 1.81752 	 0.0252786 	 2.05316 	 0.0279032 	 0.121424 	 0.0532925 
30.6 	 1.81669 	 0.0251094 	 2.05261 	 0.0280601 	 0.121436 	 0.0536978 
30.8 	 1.81571 	 0.024921 	 2.05248 	 0.0281564 	 0.121756 	 0.0541839 
31 	 1.81416 	 0.0246671 	 2.0529 	 0.0282113 	 0.122633 	 0.0544997 
31.2 	 1.81193 	 0.0243859 	 2.05367 	 0.0281795 	 0.124083 	 0.0546374 
31.4 	 1.8094 	 0.024087 	 2.05454 	 0.0280355 	 0.125797 	 0.0546198 
31.6 	 1.8066 	 0.0237165 	 2.05556 	 0.0278431 	 0.127726 	 0.0542734 
31.8 	 1.80379 	 0.0232859 	 2.05674 	 0.0276426 	 0.129733 	 0.0535917 
32 	 1.8015 	 0.022837 	 2.05801 	 0.027434 	 0.131505 	 0.0528868 
32.2 	 1.79983 	 0.0223962 	 2.05943 	 0.0272192 	 0.133018 	 0.0523676 
32.4 	 1.79906 	 0.021984 	 2.06093 	 0.0270294 	 0.134076 	 0.0521721 
32.6 	 1.79938 	 0.0216507 	 2.06236 	 0.0268631 	 0.134527 	 0.0524955 
32.8 	 1.80092 	 0.0214597 	 2.0634 	 0.0266686 	 0.134171 	 0.0533404 
33 	 1.8037 	 0.0214123 	 2.06382 	 0.0264698 	 0.132894 	 0.0545406 
33.2 	 1.80739 	 0.0214576 	 2.06365 	 0.0263353 	 0.130841 	 0.0559791 
33.4 	 1.8117 	 0.0215634 	 2.06305 	 0.0262544 	 0.128242 	 0.0573888 
33.6 	 1.81596 	 0.021711 	 2.06229 	 0.026202 	 0.125611 	 0.0583868 
33.8 	 1.81964 	 0.0218609 	 2.06149 	 0.0262134 	 0.123258 	 0.0589687 
34 	 1.82228 	 0.0220197 	 2.06083 	 0.0263056 	 0.121517 	 0.0593966 
34.2 	 1.82371 	 0.022232 	 2.06033 	 0.0264415 	 0.120516 	 0.0597728 
34.4 	 1.82448 	 0.0224894 	 2.05972 	 0.0266028 	 0.119841 	 0.0601045 
34.6 	 1.82473 	 0.0227441 	 2.0594 	 0.0267966 	 0.119566 	 0.0603628 
34.8 	 1.82454 	 0.0229706 	 2.05978 	 0.0269776 	 0.119872 	 0.0603777 
35 	 1.82433 	 0.0231626 	 2.06074 	 0.0270747 	 0.12049 	 0.0599595 
35.2 	 1.82413 	 0.0232938 	 2.06229 	 0.027105 	 0.121388 	 0.0593271 
35.4 	 1.82408 	 0.0233647 	 2.06438 	 0.0271055 	 0.122456 	 0.05878 
35.6 	 1.82449 	 0.0233933 	 2.06664 	 0.0270706 	 0.12334 	 0.0584693 
35.8 	 1.82532 	 0.023357 	 2.06892 	 0.0270211 	 0.123977 	 0.0584308 
36 	 1.8267 	 0.0232672 	 2.0709 	 0.0269835 	 0.124141 	 0.0585581 
36.2 	 1.82846 	 0.0231316 	 2.07235 	 0.0269967 	 0.123794 	 0.0587577 
36.4 	 1.82997 	 0.0229087 	 2.07339 	 0.0271186 	 0.12331 	 0.0589061 
36.6 	 1.83097 	 0.0225956 	 2.07396 	 0.0273234 	 0.12282 	 0.0587441 
36.8 	 1.83133 	 0.022247 	 2.07405 	 0.0275511 	 0.122445 	 0.0580843 
37 	 1.83105 	 0.0219389 	 2.07369 	 0.0277742 	 0.122219 	 0.0570916 
37.2 	 1.83023 	 0.0217288 	 2.0729 	 0.027942 	 0.122153 	 0.0560893 
37.4 	 1.82913 	 0.0216579 	 2.07159 	 0.0279924 	 0.122076 	 0.0552289 
37.6 	 1.8281 	 0.0217238 	 2.06975 	 0.027914 	 0.121801 	 0.0547237 
37.8 	 1.8271 	 0.0218152 	 2.06801 	 0.0277272 	 0.121608 	 0.0544862 
38 	 1.82614 	 0.0218416 	 2.06678 	 0.0274396 	 0.121671 	 0.0540473 
38.2 	 1.82503 	 0.0218188 	 2.06626 	 0.0270603 	 0.122184 	 0.0533578 
38.4 	 1.82383 	 0.0217486 	 2.06658 	 0.0266403 	 0.123154 	 0.0527552 
38.6 	 1.82302 	 0.0216653 	 2.06755 	 0.0261989 	 0.124226 	 0.0523262 
38.8 	 1.82276 	 0.0216523 	 2.06896 	 0.025702 	 0.125243 	 0.0519642 
39 	 1.82329 	 0.0217403 	 2.07045 	 0.025191 	 0.125896 	 0.0518566 
39.2 	 1.82447 	 0.0219618 	 2.0716 	 0.0247272 	 0.126047 	 0.0522533 
39.4 	 1.82574 	 0.0222956 	 2.07228 	 0.0243732 	 0.125923 	 0.0532141 
39.6 	 1.82677 	 0.0226425 	 2.07253 	 0.0242106 	 0.125661 	 0.0545636 
39.8 	 1.82746 	 0.0229083 	 2.07238 	 0.0242748 	 0.1253 	 0.0559196 
40 	 1.82771 	 0.0230797 	 2.07187 	 0.0245454 	 0.124904 	 0.0570468 
40.2 	 1.82746 	 0.0232158 	 2.07102 	 0.0249485 	 0.124571 	 0.0578796 
40.4 	 1.82691 	 0.0233255 	 2.06995 	 0.0253878 	 0.124274 	 0.0582746 
40.6 	 1.8262 	 0.0234414 	 2.06879 	 0.0257769 	 0.124031 	 0.058252 
40.8 	 1.82536 	 0.0236146 	 2.06767 	 0.0260345 	 0.123952 	 0.0577981 
41 	 1.82446 	 0.0238375 	 2.06683 	 0.0261685 	 0.124099 	 0.0569713 
41.2 	 1.82374 	 0.0240825 	 2.06647 	 0.0262605 	 0.124412 	 0.0561181 
41.4 	 1.82324 	 0.024294 	 2.06683 	 0.0263723 	 0.124923 	 0.0556314 
41.6 	 1.8231 	 0.0244205 	 2.06813 	 0.0265475 	 0.12564 	 0.0555551 
41.8 	 1.8237 	 0.0244897 	 2.07024 	 0.026773 	 0.126294 	 0.0557487 
42 	 1.82504 	 0.024543 	 2.07294 	 0.0269812 	 0.126818 	 0.0560331 
42.2 	 1.82711 	 0.0245884 	 2.07592 	 0.0271381 	 0.127094 	 0.0562524 
42.4 	 1.83001 	 0.0246509 	 2.07882 	 0.0272108 	 0.126894 	 0.0564781 
42.6 	 1.83333 	 0.0247278 	 2.08164 	 0.0271911 	 0.126453 	 0.0567787 
42.8 	 1.83656 	 0.0247649 	 2.08441 	 0.027145 	 0.126008 	 0.0571797 
43 	 1.83948 	 0.0247343 	 2.08696 	 0.0271248 	 0.125581 	 0.0574868 
43.2 	 1.84171 	 0.0246468 	 2.08927 	 0.0271425 	 0.125375 	 0.0575152 
43.4 	 1.84309 	 0.0244959 	 2.09138 	 0.0272035 	 0.125494 	 0.0574113 
43.6 	 1.84364 	 0.0242964 	 2.09328 	 0.0272863 	 0.125941 	 0.0571597 
43.8 	 1.8436 	 0.0240951 	 2.0947 	 0.0273514 	 0.126495 	 0.0567141 
44 	 1.84324 	 0.0238932 	 2.09566 	 0.0273669 	 0.127033 	 0.0561865 
44.2 	 1.84245 	 0.0236913 	 2.09665 	 0.027315 	 0.127848 	 0.0555454 
44.4 	 1.84118 	 0.0235309 	 2.09771 	 0.0271633 	 0.12902 	 0.0547266 
44.6 	 1.83963 	 0.0233991 	 2.0985 	 0.0269234 	 0.130273 	 0.0538381 
44.8 	 1.83783 	 0.0232577 	 2.0988 	 0.0266656 	 0.131441 	 0.0529791 
45 	 1.83573 	 0.0230793 	 2.09843 	 0.026454 	 0.132426 	 0.0523355 
45.2 	 1.83333 	 0.0228518 	 2.09717 	 0.0263412 	 0.133089 	 0.0521518 
45.4 	 1.8305 	 0.0226113 	 2.09504 	 0.0262966 	 0.133536 	 0.0524177 
45.6 	 1.82744 	 0.0223275 	 2.0921 	 0.0262839 	 0.13369 	 0.0530499 
45.8 	 1.8244 	 0.021992 	 2.08845 	 0.0263357 	 0.133443 	 0.0539441 
46 	 1.82147 	 0.0216942 	 2.0842 	 0.026489 	 0.132813 	 0.0551653 
46.2 	 1.8188 	 0.0214977 	 2.07943 	 0.0267546 	 0.131786 	 0.0567895 
46.4 	 1.81657 	 0.0213868 	 2.07444 	 0.0270848 	 0.130413 	 0.0584266 
46.6 	 1.81477 	 0.0213438 	 2.06971 	 0.027401 	 0.128956 	 0.0597086 
46.8 	 1.81332 	 0.0213734 	 2.06569 	 0.0276419 	 0.127721 	 0.060419 
47 	 1.81248 	 0.0214733 	 2.06262 	 0.0277435 	 0.126703 	 0.0604796 
47.2 	 1.81244 	 0.0216198 	 2.06063 	 0.0276733 	 0.125859 	 0.060083 
47.4 	 1.81298 	 0.0217725 	 2.06 	 0.0274645 	 0.12542 	 0.0595285 
47.6 	 1.81397 	 0.0218397 	 2.06079 	 0.0271657 	 0.125428 	 0.0588398 
47.8 	 1.81548 	 0.0218065 	 2.06297 	 0.0268002 	 0.125806 	 0.057965 
48 	 1.81752 	 0.0217448 	 2.06644 	 0.0263747 	 0.126525 	 0.0569914 
48.2 	 1.82016 	 0.0216785 	 2.07071 	 0.0259139 	 0.127309 	 0.0560834 
48.4 	 1.82321 	 0.0216378 	 2.07532 	 0.0254538 	 0.12803 	 0.0554501 
48.6 	 1.82631 	 0.0216205 	 2.08022 	 0.0250403 	 0.12885 	 0.0551756 
48.8 	 1.82936 	 0.021576 	 2.08531 	 0.0247246 	 0.129718 	 0.0553567 
49 	 1.83209 	 0.0215047 	 2.09022 	 0.0245066 	 0.13062 	 0.0559845 
49.2 	 1.83418 	 0.02139 	 2.09447 	 0.0243735 	 0.131491 	 0.056953 
49.4 	 1.83561 	 0.0211889 	 2.09763 	 0.0243228 	 0.132138 	 0.0581803 
49.6 	 1.83655 	 0.0209209 	 2.09933 	 0.0243012 	 0.132318 	 0.0594135 
49.8 	 1.83724 	 0.0206385 	 2.09957 	 0.0242325 	 0.131956 	 0.0602339 
50 	 1.83751 	 0.0203628 	 2.09887 	 0.0240858 	 0.13142 	 0.0603108 
50.2 	 1.83745 	 0.0201029 	 2.09765 	 0.0238643 	 0.130862 	 0.0597647 
50.4 	 1.83694 	 0.0198674 	 2.09625 	 0.0235667 	 0.130513 	 0.0587124 
50.6 	 1.83589 	 0.0196255 	 2.09511 	 0.0232579 	 0.130583 	 0.0572775 
50.8 	 1.83457 	 0.0193916 	 2.09449 	 0.0229804 	 0.131036 	 0.0558024 
51 	 1.83303 	 0.0192111 	 2.09457 	 0.0227347 	 0.131955 	 0.0544474 
51.2 	 1.83159 	 0.0191183 	 2.09533 	 0.022525 	 0.133148 	 0.0532523 
51.4 	 1.83072 	 0.0191352 	 2.09658 	 0.0223881 	 0.134275 	 0.0524702 
51.6 	 1.83058 	 0.0192529 	 2.09832 	 0.022382 	 0.135221 	 0.0522726 
51.8 	 1.83137 	 0.0194673 	 2.10058 	 0.0224647 	 0.135915 	 0.0524464 
52 	 1.833 	 0.0197365 	 2.10325 	 0.0225657 	 0.136363 	 0.0528175 
52.2 	 1.83529 	 0.0199928 	 2.10602 	 0.0226855 	 0.13648 	 0.0533804 
52.4 	 1.83802 	 0.0202159 	 2.10853 	 0.0228375 	 0.136214 	 0.0540532 
52.6 	 1.84089 	 0.0204128 	 2.11038 	 0.0230435 	 0.13553 	 0.0547535 
52.8 	 1.84391 	 0.0205987 	 2.11114 	 0.0233105 	 0.134238 	 0.0554236 
53 	 1.84688 	 0.0207709 	 2.1109 	 0.023588 	 0.132493 	 0.0557899 
53.2 	 1.84938 	 0.0208963 	 2.11 	 0.023852 	 0.130688 	 0.055671 
53.4 	 1.85107 	 0.0209932 	 2.10869 	 0.0240983 	 0.129122 	 0.0552714 
53.6 	 1.85173 	 0.0211089 	 2.1073 	 0.0243078 	 0.128088 	 0.0547074 
53.8 	 1.85131 	 0.0212617 	 2.10603 	 0.0244841 	 0.127722 	 0.0539864 
54 	 1.84967 	 0.0214605 	 2.10503 	 0.0245853 	 0.128168 	 0.0530576 
54.2 	 1.84701 	 0.0217182 	 2.1042 	 0.0245732 	 0.129313 	 0.0519864 
54.4 	 1.84403 	 0.0220097 	 2.10334 	 0.0245104 	 0.130646 	 0.0509538 
54.6 	 1.84111 	 0.0222583 	 2.10235 	 0.0244768 	 0.131864 	 0.0500437 
54.8 	 1.83808 	 0.0224229 	 2.10144 	 0.0245008 	 0.133131 	 0.0494202 
55 	 1.83492 	 0.0225021 	 2.10088 	 0.0245533 	 0.134577 	 0.0491187 
55.2 	 1.83223 	 0.0224729 	 2.10039 	 0.0246049 	 0.135757 	 0.0490614 
55.4 	 1.83016 	 0.0223635 	 2.09993 	 0.0246468 	 0.13659 	 0.0491987 
55.6 	 1.82845 	 0.0222656 	 2.09958 	 0.0246924 	 0.137279 	 0.0497473 
55.8 	 1.82749 	 0.0222106 	 2.09898 	 0.0247533 	 0.137452 	 0.0507695 
56 	 1.82755 	 0.0221891 	 2.09799 	 0.0248222 	 0.1369 	 0.0519555 
56.2 	 1.82819 	 0.0221758 	 2.09679 	 0.0249483 	 0.135921 	 0.0531387 
56.4 	 1.82888 	 0.0221427 	 2.09558 	 0.0251521 	 0.134875 	 0.05411 
56.6 	 1.82949 	 0.0221172 	 2.0944 	 0.0253719 	 0.133879 	 0.0546688 
56.8 	 1.82996 	 0.0221055 	 2.09357 	 0.0255703 	 0.133155 	 0.054711 
57 	 1.82999 	 0.0221033 	 2.09355 	 0.0257192 	 0.133078 	 0.0542427 
57.2 	 1.82971 	 0.0221319 	 2.09425 	 0.0257799 	 0.133556 	 0.0533719 
57.4 	 1.82925 	 0.0222451 	 2.09554 	 0.0257377 	 0.134494 	 0.052272 
57.6 	 1.82857 	 0.0224464 	 2.09743 	 0.0256333 	 0.135883 	 0.0512281 
57.8 	 1.82802 	 0.0226547 	 2.09958 	 0.0255563 	 0.137307 	 0.0505783 
58 	 1.82779 	 0.0229109 	 2.10156 	 0.0254897 	 0.138487 	 0.0503874 
58.2 	 1.82805 	 0.0232478 	 2.10302 	 0.0254032 	 0.139193 	 0.0504982 
58.4 	 1.82906 	 0.0235869 	 2.10384 	 0.0253525 	 0.139184 	 0.0509332 
58.6 	 1.83072 	 0.0239076 	 2.10397 	 0.0253521 	 0.138471 	 0.0518325 
58.8 	 1.83289 	 0.0241885 	 2.10327 	 0.025393 	 0.137069 	 0.0530406 
59 	 1.83528 	 0.0243992 	 2.10186 	 0.0254532 	 0.13519 	 0.0541301 
59.2 	 1.83767 	 0.0245186 	 2.09996 	 0.025516 	 0.133038 	 0.0548498 
59.4 	 1.83997 	 0.02458 	 2.09775 	 0.0255696 	 0.130769 	 0.0551794 
59.6 	 1.84219 	 0.0246135 	 2.09538 	 0.025609 	 0.128474 	 0.0551083 
59.8 	 1.84455 	 0.0246007 	 2.09318 	 0.0256221 	 0.126174 	 0.0547246 
60 	 1.84693 	 0.0245597 	 2.09184 	 0.0255734 	 0.124284 	 0.0541084 
60.2 	 1.84907 	 0.0244602 	 2.09168 	 0.0254778 	 0.123079 	 0.0533529 
60.4 	 1.85096 	 0.0242991 	 2.09284 	 0.0253301 	 0.122614 	 0.052675 
60.6 	 1.85235 	 0.024134 	 2.09545 	 0.0251432 	 0.123115 	 0.0523359 
60.8 	 1.85303 	 0.0239873 	 2.09918 	 0.024996 	 0.124507 	 0.0524521 
61 	 1.85315 	 0.0238845 	 2.10337 	 0.0249243 	 0.126392 	 0.0530655 
61.2 	 1.85281 	 0.0238247 	 2.10749 	 0.0249124 	 0.128489 	 0.0538544 
61.4 	 1.85227 	 0.0237713 	 2.1109 	 0.0249806 	 0.130336 	 0.0545158 
61.6 	 1.85208 	 0.0237191 	 2.11296 	 0.0251717 	 0.131314 	 0.0553233 
61.8 	 1.85233 	 0.0236562 	 2.11341 	 0.0254904 	 0.131249 	 0.0563961 
62 	 1.85271 	 0.0235711 	 2.11252 	 0.0258867 	 0.130442 	 0.0575996 
62.2 	 1.85296 	 0.0234435 	 2.1106 	 0.0262897 	 0.129196 	 0.058767 
62.4 	 1.85262 	 0.0232821 	 2.10801 	 0.0266202 	 0.127943 	 0.0596555 
62.6 	 1.85132 	 0.0230892 	 2.1052 	 0.026829 	 0.127129 	 0.0600388 
62.8 	 1.84918 	 0.0228623 	 2.10238 	 0.0269151 	 0.12678 	 0.0598865 
63 	 1.84641 	 0.0226637 	 2.09954 	 0.0268862 	 0.126814 	 0.0594108 
63.2 	 1.8432 	 0.0224651 	 2.09702 	 0.0267898 	 0.12726 	 0.058716 
63.4 	 1.83974 	 0.0222273 	 2.09508 	 0.0266717 	 0.128131 	 0.0578312 
63.6 	 1.83626 	 0.0219757 	 2.09367 	 0.026512 	 0.129288 	 0.0568485 
63.8 	 1.83304 	 0.0217011 	 2.09277 	 0.0262993 	 0.130585 	 0.055694 
64 	 1.83023 	 0.0214257 	 2.09249 	 0.0260504 	 0.131994 	 0.0543069 
64.2 	 1.82805 	 0.0211804 	 2.09292 	 0.0257734 	 0.133426 	 0.0528505 
64.4 	 1.82672 	 0.0209525 	 2.09393 	 0.0254998 	 0.134681 	 0.0514947 
64.6 	 1.82637 	 0.0207425 	 2.09521 	 0.0252674 	 0.135517 	 0.0504361 
64.8 	 1.82707 	 0.0205427 	 2.09655 	 0.0250952 	 0.135777 	 0.0497548 
65 	 1.82858 	 0.0203567 	 2.09805 	 0.0249641 	 0.135664 	 0.0492412 
65.2 	 1.83051 	 0.0201628 	 2.09981 	 0.0248906 	 0.135415 	 0.0488636 
65.4 	 1.83266 	 0.0199546 	 2.10165 	 0.0249068 	 0.135048 	 0.0486467 
65.6 	 1.83491 	 0.0197629 	 2.10341 	 0.0249937 	 0.134569 	 0.0485182 
65.8 	 1.83716 	 0.0195856 	 2.10517 	 0.0251153 	 0.134086 	 0.0484281 
66 	 1.8393 	 0.0194459 	 2.10714 	 0.0252161 	 0.133788 	 0.0481885 
66.2 	 1.84123 	 0.0193906 	 2.1095 	 0.0252595 	 0.133836 	 0.0478065 
66.4 	 1.84281 	 0.0194342 	 2.11246 	 0.0252394 	 0.134414 	 0.0474861 
66.6 	 1.84391 	 0.0195686 	 2.11616 	 0.0251599 	 0.135633 	 0.0474503 
66.8 	 1.84478 	 0.0197285 	 2.12028 	 0.0250765 	 0.137178 	 0.0478242 
67 	 1.84557 	 0.0198614 	 2.12458 	 0.0250353 	 0.138808 	 0.0485825 
67.2 	 1.84633 	 0.0199822 	 2.12875 	 0.0250145 	 0.140376 	 0.0495541 
67.4 	 1.84741 	 0.0201037 	 2.13218 	 0.0250321 	 0.141407 	 0.0507275 
67.6 	 1.84895 	 0.0202936 	 2.13478 	 0.0251031 	 0.141813 	 0.0520999 
67.8 	 1.85086 	 0.0206046 	 2.13669 	 0.0251873 	 0.141745 	 0.0534264 
68 	 1.85291 	 0.0210394 	 2.13808 	 0.0252549 	 0.141422 	 0.0544953 
68.2 	 1.85483 	 0.0215895 	 2.1392 	 0.0253151 	 0.141095 	 0.0553034 
68.4 	 1.85657 	 0.0221662 	 2.14 	 0.0253969 	 0.140737 	 0.055899 
68.6 	 1.85795 	 0.0226771 	 2.1405 	 0.0255231 	 0.140391 	 0.0563365 
68.8 	 1.8591 	 0.0230677 	 2.14062 	 0.0256574 	 0.139943 	 0.0565616 
69 	 1.86009 	 0.0233047 	 2.14027 	 0.025742 	 0.139336 	 0.0563786 
69.2 	 1.86062 	 0.023396 	 2.13954 	 0.025762 	 0.138764 	 0.0557292 
69.4 	 1.86064 	 0.023377 	 2.13844 	 0.0256819 	 0.138286 	 0.0545883 
69.6 	 1.85979 	 0.0233139 	 2.13744 	 0.025515 	 0.138331 	 0.0531042 
69.8 	 1.85795 	 0.0232717 	 2.13688 	 0.0253117 	 0.139108 	 0.0515635 
70 	 1.8554 	 0.0232582 	 2.13646 	 0.0250834 	 0.140346 	 0.0500997 
70.2 	 1.85207 	 0.0232815 	 2.13623 	 0.024848 	 0.142108 	 0.04879 
70.4 	 1.84815 	 0.023365 	 2.13593 	 0.0246025 	 0.144184 	 0.0475695 
70.6 	 1.84416 	 0.0235245 	 2.13497 	 0.0243343 	 0.14603 	 0.0465284 
70.8 	 1.84043 	 0.0237412 	 2.13316 	 0.0240748 	 0.14737 	 0.0458903 
71 	 1.83729 	 0.0239595 	 2.13049 	 0.0238587 	 0.147973 	 0.0455895 
71.2 	 1.83494 	 0.0241495 	 2.12692 	 0.0237212 	 0.147688 	 0.0454728 
71.4 	 1.83352 	 0.0242839 	 2.12246 	 0.0237091 	 0.146421 	 0.0453885 
71.6 	 1.83305 	 0.0243296 	 2.11738 	 0.0238287 	 0.144261 	 0.0452631 
71.8 	 1.83307 	 0.0242869 	 2.11207 	 0.0240478 	 0.141649 	 0.0452146 
72 	 1.8333 	 0.0241665 	 2.10676 	 0.0243558 	 0.13885 	 0.045459 
72.2 	 1.83363 	 0.023964 	 2.1016 	 0.0247327 	 0.136005 	 0.045911 
72.4 	 1.83397 	 0.0236854 	 2.09693 	 0.0251508 	 0.133338 	 0.046525 
72.6 	 1.83429 	 0.0233914 	 2.09326 	 0.0255667 	 0.131155 	 0.047367 
72.8 	 1.83464 	 0.0231513 	 2.09099 	 0.0259251 	 0.129655 	 0.04829 
73 	 1.83518 	 0.0229663 	 2.09013 	 0.026221 	 0.128772 	 0.0491617 
73.2 	 1.83609 	 0.0227665 	 2.09059 	 0.0264792 	 0.128321 	 0.0498818 
73.4 	 1.83755 	 0.0225547 	 2.09218 	 0.0266612 	 0.128136 	 0.0505422 
73.6 	 1.83933 	 0.0224185 	 2.09499 	 0.0266991 	 0.128434 	 0.0511988 
73.8 	 1.84114 	 0.0223492 	 2.09905 	 0.0266172 	 0.129371 	 0.0519378 
74 	 1.84301 	 0.022282 	 2.10401 	 0.0265041 	 0.130708 	 0.05293 
74.2 	 1.84488 	 0.0222117 	 2.10958 	 0.026413 	 0.132318 	 0.0539964 
74.4 	 1.8469 	 0.0221573 	 2.11537 	 0.0263262 	 0.133959 	 0.0548072 
74.6 	 1.84948 	 0.0220985 	 2.12088 	 0.0262395 	 0.135174 	 0.0551325 
74.8 	 1.85277 	 0.0220243 	 2.12567 	 0.0261867 	 0.13566 	 0.0549797 
75 	 1.85659 	 0.0219876 	 2.12926 	 0.026194 	 0.135313 	 0.0546605 
75.2 	 1.86058 	 0.0220238 	 2.13143 	 0.0262717 	 0.134214 	 0.0544096 
75.4 	 1.8643 	 0.0220947 	 2.13222 	 0.0264218 	 0.132608 	 0.0541015 
75.6 	 1.86744 	 0.0221977 	 2.1319 	 0.0266312 	 0.130789 	 0.0536613 
75.8 	 1.86981 	 0.0223701 	 2.13079 	 0.02687 	 0.129019 	 0.0532687 
76 	 1.87116 	 0.0225852 	 2.12915 	 0.0271274 	 0.127539 	 0.0529559 
76.2 	 1.87133 	 0.0228051 	 2.12715 	 0.0273987 	 0.126505 	 0.0526993 
76.4 	 1.87038 	 0.0229978 	 2.12519 	 0.0276645 	 0.126056 	 0.05268 
76.6 	 1.86832 	 0.0231869 	 2.12384 	 0.0278627 	 0.126502 	 0.0529609 
76.8 	 1.8652 	 0.0234331 	 2.12312 	 0.0279447 	 0.127866 	 0.0534415 
77 	 1.86141 	 0.0237205 	 2.12278 	 0.027934 	 0.129831 	 0.0540018 
77.2 	 1.85738 	 0.023984 	 2.12288 	 0.02788 	 0.132144 	 0.0545005 
77.4 	 1.85363 	 0.0241719 	 2.12339 	 0.0277997 	 0.134502 	 0.0548337 
77.6 	 1.85074 	 0.0242496 	 2.12434 	 0.0277183 	 0.136568 	 0.0549995 
77.8 	 1.84913 	 0.0241884 	 2.1256 	 0.0277005 	 0.138007 	 0.055069 
78 	 1.84891 	 0.0239962 	 2.12686 	 0.0277679 	 0.138614 	 0.0551372 
78.2 	 1.84974 	 0.0237209 	 2.12806 	 0.0278698 	 0.138574 	 0.0552916 
78.4 	 1.85122 	 0.0234183 	 2.12909 	 0.0279315 	 0.138107 	 0.0554471 
78.6 	 1.85314 	 0.023129 	 2.12986 	 0.0278982 	 0.137324 	 0.055215 
78.8 	 1.85522 	 0.0229095 	 2.13027 	 0.027733 	 0.136371 	 0.0543756 
79 	 1.85715 	 0.0228135 	 2.12999 	 0.0274587 	 0.135276 	 0.053227 
79.2 	 1.85855 	 0.0228292 	 2.12909 	 0.0271517 	 0.134237 	 0.0520437 
79.4 	 1.85909 	 0.0229049 	 2.12791 	 0.0268588 	 0.133547 	 0.0508506 
79.6 	 1.85881 	 0.0230356 	 2.12667 	 0.0265842 	 0.133273 	 0.0499212 
79.8 	 1.8578 	 0.0232418 	 2.12538 	 0.0263294 	 0.133386 	 0.0495661 
80 	 1.85603 	 0.0234893 	 2.12397 	 0.0260999 	 0.133848 	 0.0496821 
80.2 	 1.85367 	 0.0237299 	 2.1225 	 0.0258606 	 0.134604 	 0.0499929 
80.4 	 1.8512 	 0.0239572 	 2.12078 	 0.0255942 	 0.135306 	 0.0505482 
80.6 	 1.84908 	 0.0241614 	 2.11861 	 0.0253343 	 0.135597 	 0.0514335 
80.8 	 1.84723 	 0.0242902 	 2.11637 	 0.0251245 	 0.135677 	 0.0524321 
81 	 1.84554 	 0.0243117 	 2.11425 	 0.0250013 	 0.135657 	 0.0533141 
81.2 	 1.84412 	 0.0243212 	 2.11194 	 0.024927 	 0.135382 	 0.0541632 
81.4 	 1.84312 	 0.0243496 	 2.10915 	 0.0248835 	 0.134656 	 0.0549816 
81.6 	 1.84256 	 0.0243245 	 2.10588 	 0.0248926 	 0.133421 	 0.0555413 
81.8 	 1.84211 	 0.0242264 	 2.10245 	 0.0249335 	 0.132012 	 0.055774 
82 	 1.84169 	 0.0240201 	 2.09907 	 0.0250118 	 0.130547 	 0.0557033 
82.2 	 1.84158 	 0.0236962 	 2.09587 	 0.0251211 	 0.128931 	 0.0553222 
82.4 	 1.84172 	 0.0232985 	 2.09326 	 0.0252067 	 0.127436 	 0.0547116 
82.6 	 1.84197 	 0.0228671 	 2.09144 	 0.0252193 	 0.126261 	 0.054012 
82.8 	 1.84236 	 0.0224266 	 2.09052 	 0.0251563 	 0.12547 	 0.0534625 
83 	 1.84255 	 0.0219958 	 2.09089 	 0.0250134 	 0.125419 	 0.0532043 
83.2 	 1.84253 	 0.0216387 	 2.09239 	 0.0247774 	 0.126077 	 0.0533291 
83.4 	 1.84262 	 0.0214112 	 2.09469 	 0.0244729 	 0.127126 	 0.0538764 
83.6 	 1.8428 	 0.0212813 	 2.09764 	 0.0241604 	 0.12847 	 0.0546937 
83.8 	 1.84304 	 0.0211981 	 2.10091 	 0.0238741 	 0.129928 	 0.0554819 
84 	 1.84354 	 0.0211436 	 2.10422 	 0.0236181 	 0.131259 	 0.0558239 
84.2 	 1.84436 	 0.0211171 	 2.10737 	 0.023452 	 0.132333 	 0.0556891 
84.4 	 1.84553 	 0.0211287 	 2.11021 	 0.0234382 	 0.133044 	 0.0552802 
84.6 	 1.84729 	 0.0212094 	 2.11254 	 0.0235994 	 0.133163 	 0.0548589 
84.8 	 1.84977 	 0.0213777 	 2.11414 	 0.0239026 	 0.13255 	 0.0546746 
85 	 1.85269 	 0.0216097 	 2.11504 	 0.0242714 	 0.131368 	 0.0546977 
85.2 	 1.85573 	 0.02187 	 2.11549 	 0.0246413 	 0.129915 	 0.0547026 
85.4 	 1.85855 	 0.0221184 	 2.11616 	 0.0249679 	 0.128689 	 0.054564 
85.6 	 1.86085 	 0.022282 	 2.11759 	 0.0252496 	 0.128069 	 0.0541544 
85.8 	 1.86251 	 0.0223347 	 2.11977 	 0.0254732 	 0.128135 	 0.053285 
86 	 1.8636 	 0.0223133 	 2.1225 	 0.0256177 	 0.128773 	 0.0520182 
86.2 	 1.86432 	 0.0222951 	 2.12552 	 0.0256634 	 0.129793 	 0.0506184 
86.4 	 1.86481 	 0.0223734 	 2.12854 	 0.0255775 	 0.131024 	 0.049355 
86.6 	 1.86508 	 0.0225778 	 2.13138 	 0.0253943 	 0.132364 	 0.0485297 
86.8 	 1.86499 	 0.0229118 	 2.13408 	 0.0251555 	 0.133892 	 0.0483381 
87 	 1.86475 	 0.0233048 	 2.13647 	 0.0248977 	 0.135367 	 0.0488293 
87.2 	 1.86464 	 0.0236289 	 2.13837 	 0.0246755 	 0.136502 	 0.0497796 
87.4 	 1.86464 	 0.0238073 	 2.13957 	 0.0245101 	 0.13718 	 0.0507639 
87.6 	 1.86472 	 0.023819 	 2.13986 	 0.0244321 	 0.137297 	 0.0515251 
87.8 	 1.86468 	 0.0237032 	 2.13928 	 0.0244285 	 0.137022 	 0.0518171 
88 	 1.86427 	 0.0235137 	 2.13796 	 0.0244448 	 0.136566 	 0.0516139 
88.2 	 1.86343 	 0.0232987 	 2.13598 	 0.0244756 	 0.136025 	 0.0511719 
88.4 	 1.86221 	 0.0231491 	 2.13332 	 0.0244791 	 0.135402 	 0.0506487 
88.6 	 1.86071 	 0.0231003 	 2.12997 	 0.0244172 	 0.134666 	 0.0500554 
88.8 	 1.85912 	 0.0231142 	 2.12632 	 0.0243077 	 0.133879 	 0.0492881 
89 	 1.8575 	 0.0231363 	 2.12269 	 0.0241987 	 0.133109 	 0.0482325 
89.2 	 1.8556 	 0.0231287 	 2.11935 	 0.0241481 	 0.132598 	 0.0470382 
89.4 	 1.85309 	 0.0231049 	 2.11672 	 0.0241703 	 0.132696 	 0.0460412 
89.6 	 1.84999 	 0.0231101 	 2.11458 	 0.0242565 	 0.133306 	 0.0455743 
89.8 	 1.84634 	 0.0231663 	 2.11254 	 0.0244127 	 0.134258 	 0.0456714 
90 	 1.84229 	 0.0232548 	 2.11058 	 0.0246516 	 0.135439 	 0.0461289 
90.2 	 1.83836 	 0.0233482 	 2.10864 	 0.0249669 	 0.13655 	 0.046774 
90.4 	 1.83511 	 0.0234115 	 2.10694 	 0.0253161 	 0.13738 	 0.0474576 
90.6 	 1.83292 	 0.0234182 	 2.10562 	 0.0256409 	 0.137815 	 0.0478601 
90.8 	 1.83176 	 0.0234186 	 2.1045 	 0.0259032 	 0.137823 	 0.0477032 
91 	 1.83152 	 0.0234939 	 2.10328 	 0.0260989 	 0.137351 	 0.0473707 
91.2 	 1.83195 	 0.0236713 	 2.10175 	 0.0262356 	 0.136438 	 0.047182 
91.4 	 1.83267 	 0.0239212 	 2.0999 	 0.0263292 	 0.135283 	 0.0470919 
91.6 	 1.83332 	 0.0241954 	 2.09796 	 0.0264242 	 0.134125 	 0.0472826 
91.8 	 1.83359 	 0.0245015 	 2.09636 	 0.0265253 	 0.133331 	 0.047773 
92 	 1.83354 	 0.0248156 	 2.0954 	 0.0265976 	 0.133029 	 0.0484232 
92.2 	 1.83326 	 0.025086 	 2.09519 	 0.0266295 	 0.133187 	 0.0491197 
92.4 	 1.83299 	 0.0253212 	 2.09564 	 0.0266103 	 0.133655 	 0.0498898 
92.6 	 1.83299 	 0.0255205 	 2.09676 	 0.0265384 	 0.134291 	 0.0507811 
92.8 	 1.8333 	 0.0256881 	 2.09841 	 0.0264328 	 0.135002 	 0.0516642 
93 	 1.83402 	 0.0258446 	 2.10021 	 0.0263043 	 0.135568 	 0.0525683 
93.2 	 1.83517 	 0.0260323 	 2.10198 	 0.0261643 	 0.135905 	 0.0537062 
93.4 	 1.83678 	 0.0262636 	 2.10357 	 0.0260307 	 0.135922 	 0.0549404 
93.6 	 1.83892 	 0.0264678 	 2.10505 	 0.0259153 	 0.135591 	 0.0557565 
93.8 	 1.8413 	 0.0266099 	 2.10663 	 0.0258446 	 0.135143 	 0.055911 
94 	 1.84383 	 0.0266998 	 2.10839 	 0.025855 	 0.134654 	 0.0554902 
94.2 	 1.84685 	 0.0267473 	 2.11025 	 0.0259726 	 0.133891 	 0.0546809 
94.4 	 1.85057 	 0.0267935 	 2.11203 	 0.0261784 	 0.132689 	 0.0537778 
94.6 	 1.85486 	 0.0268454 	 2.11361 	 0.0264195 	 0.131069 	 0.0529422 
94.8 	 1.85953 	 0.0269027 	 2.11485 	 0.0266404 	 0.129103 	 0.0522117 
95 	 1.86409 	 0.026921 	 2.1158 	 0.0268265 	 0.127062 	 0.0514473 
95.2 	 1.86801 	 0.0268067 	 2.11669 	 0.0270052 	 0.125282 	 0.050471 
95.4 	 1.871 	 0.0265785 	 2.1176 	 0.027171 	 0.123953 	 0.0494296 
95.6 	 1.87291 	 0.0262822 	 2.11851 	 0.0273042 	 0.123171 	 0.0484663 
95.8 	 1.87349 	 0.0259617 	 2.11948 	 0.0273968 	 0.123122 	 0.04776 
96 	 1.87274 	 0.0257071 	 2.12044 	 0.0274252 	 0.123823 	 0.0475897 
96.2 	 1.87102 	 0.0255379 	 2.12116 	 0.0273763 	 0.124999 	 0.0478764 
96.4 	 1.86852 	 0.0254394 	 2.12169 	 0.0272509 	 0.126562 	 0.0483793 
96.6 	 1.86527 	 0.0253955 	 2.1221 	 0.0270662 	 0.128519 	 0.0491481 
96.8 	 1.86149 	 0.0253132 	 2.12234 	 0.0268802 	 0.130672 	 0.0500588 
97 	 1.85768 	 0.0251492 	 2.1221 	 0.026723 	 0.132581 	 0.0508709 
97.2 	 1.8542 	 0.0249362 	 2.12114 	 0.0265688 	 0.133963 	 0.0516391 
97.4 	 1.85132 	 0.0246694 	 2.11945 	 0.0264123 	 0.134674 	 0.0524412 
97.6 	 1.84917 	 0.0243194 	 2.11721 	 0.026278 	 0.134684 	 0.0532296 
97.8 	 1.84766 	 0.0239091 	 2.11472 	 0.0261532 	 0.134211 	 0.0539591 
98 	 1.84664 	 0.0235288 	 2.11217 	 0.0259813 	 0.133472 	 0.0545864 
98.2 	 1.84609 	 0.0231776 	 2.10961 	 0.025777 	 0.132495 	 0.054953 
98.4 	 1.84602 	 0.0228195 	 2.10706 	 0.0255695 	 0.131264 	 0.0548707 
98.6 	 1.84615 	 0.0224918 	 2.10484 	 0.0253407 	 0.130103 	 0.0543311 
98.8 	 1.84608 	 0.0222007 	 2.10343 	 0.0251283 	 0.129437 	 0.0535882 
99 	 1.84581 	 0.0219202 	 2.10286 	 0.024979 	 0.129261 	 0.0527587 
99.2 	 1.84555 	 0.0216452 	 2.10288 	 0.0248754 	 0.12935 	 0.0518864 
99.4 	 1.84537 	 0.0214208 	 2.10331 	 0.0247649 	 0.129613 	 0.0510819 
99.6 	 1.84524 	 0.0212922 	 2.10399 	 0.0246182 	 0.130019 	 0.0502568 
99.8 	 1.84538 	 0.0212354 	 2.10479 	 0.0244484 	 0.130377 	 0.0493086 
100 	 1.8461 	 0.0212346 	 2.10543 	 0.0242574 	 0.130368 	 0.0483384 
