#data for Fig. 3(a)
#rms dynamics for effective model. See SM for more details.

#Parameters: J_perp = 5t, J_parallel = 0.

#tau: evolution time

#Delta_rms: root-mean-square of Delta = (x1 - x2)/2
#Delta_std: standard error on Delta_rms estimated from sampling 

#X_rms: root-mean-square of X = (x1 + x2)/2
#norm: norm of wave function (should be 1 always)

tau 	  X_rms	 	 norm

0.0000000 0.0000000 1.0000000
0.0250000 0.0249990 1.0000000
0.0500000 0.0499919 1.0000000
0.0750000 0.0749727 1.0000000
0.1000000 0.0999354 1.0000000
0.1250000 0.1248745 1.0000000
0.1500000 0.1497844 1.0000000
0.1750000 0.1746599 1.0000000
0.2000000 0.1994963 1.0000000
0.2250000 0.2242891 1.0000000
0.2500000 0.2490342 1.0000000
0.2750000 0.2737282 1.0000000
0.3000000 0.2983678 1.0000000
0.3250000 0.3229505 1.0000000
0.3500000 0.3474740 1.0000000
0.3750000 0.3719366 1.0000000
0.4000000 0.3963371 1.0000000
0.4250000 0.4206745 1.0000000
0.4500000 0.4449483 1.0000000
0.4750000 0.4691584 1.0000000
0.5000000 0.4933048 1.0000000
0.5250000 0.5173880 1.0000000
0.5500000 0.5414084 1.0000000
0.5750000 0.5653667 1.0000000
0.6000000 0.5892635 1.0000000
0.6250000 0.6130995 1.0000000
0.6500000 0.6368754 1.0000000
0.6750000 0.6605915 1.0000000
0.7000000 0.6842482 1.0000000
0.7250000 0.7078455 1.0000000
0.7500000 0.7313832 1.0000000
0.7750000 0.7548607 1.0000000
0.8000000 0.7782771 1.0000000
0.8250000 0.8016312 1.0000000
0.8500000 0.8249211 1.0000000
0.8750000 0.8481448 1.0000000
0.9000000 0.8712999 1.0000000
0.9250000 0.8943836 1.0000000
0.9500000 0.9173925 1.0000000
0.9750000 0.9403232 1.0000000
1.0000000 0.9631718 1.0000000
1.0250000 0.9859342 1.0000000
1.0500000 1.0086063 1.0000000
1.0750000 1.0311836 1.0000000
1.1000000 1.0536616 1.0000000
1.1250000 1.0760358 1.0000000
1.1500000 1.0983018 1.0000000
1.1750000 1.1204554 1.0000000
1.2000000 1.1424922 1.0000000
1.2250000 1.1644086 1.0000000
1.2500000 1.1862008 1.0000000
1.2750000 1.2078657 1.0000000
1.3000000 1.2294005 1.0000000
1.3250000 1.2508028 1.0000000
1.3500000 1.2720708 1.0000000
1.3750000 1.2932031 1.0000000
1.4000000 1.3141989 1.0000000
1.4250000 1.3350581 1.0000000
1.4500000 1.3557808 1.0000000
1.4750000 1.3763682 1.0000000
1.5000000 1.3968215 1.0000000
1.5250000 1.4171427 1.0000000
1.5500000 1.4373343 1.0000000
1.5750000 1.4573991 1.0000000
1.6000000 1.4773405 1.0000000
1.6250000 1.4971622 1.0000000
1.6500000 1.5168681 1.0000000
1.6750000 1.5364625 1.0000000
1.7000000 1.5559497 1.0000000
1.7250000 1.5753343 1.0000000
1.7500000 1.5946209 1.0000000
1.7750000 1.6138141 1.0000000
1.8000000 1.6329184 1.0000000
1.8250000 1.6519383 1.0000000
1.8500000 1.6708778 1.0000000
1.8750000 1.6897411 1.0000000
1.9000000 1.7085318 1.0000000
1.9250000 1.7272533 1.0000000
1.9500000 1.7459088 1.0000000
1.9750000 1.7645009 1.0000000
2.0000000 1.7830319 1.0000000
2.0250000 1.8015038 1.0000000
2.0500000 1.8199180 1.0000000
2.0750000 1.8382759 1.0000000
2.1000000 1.8565781 1.0000000
2.1250000 1.8748250 1.0000000
2.1500000 1.8930169 1.0000000
2.1750000 1.9111534 1.0000000
2.2000000 1.9292341 1.0000000
2.2250000 1.9472585 1.0000000
2.2500000 1.9652255 1.0000000
2.2750000 1.9831344 1.0000000
2.3000000 2.0009839 1.0000000
2.3250000 2.0187729 1.0000000
2.3500000 2.0365004 1.0000000
2.3750000 2.0541653 1.0000000
2.4000000 2.0717664 1.0000000
2.4250000 2.0893030 1.0000000
2.4500000 2.1067742 1.0000000
2.4750000 2.1241793 1.0000000
2.5000000 2.1415181 1.0000000
2.5250000 2.1587901 1.0000000
2.5500000 2.1759954 1.0000000
2.5750000 2.1931341 1.0000000
2.6000000 2.2102066 1.0000000
2.6250000 2.2272135 1.0000000
2.6500000 2.2441555 1.0000000
2.6750000 2.2610335 1.0000000
2.7000000 2.2778487 1.0000000
2.7250000 2.2946022 1.0000000
2.7500000 2.3112954 1.0000000
2.7750000 2.3279297 1.0000000
2.8000000 2.3445066 1.0000000
2.8250000 2.3610275 1.0000000
2.8500000 2.3774940 1.0000000
2.8750000 2.3939076 1.0000000
2.9000000 2.4102696 1.0000000
2.9250000 2.4265813 1.0000000
2.9500000 2.4428442 1.0000000
2.9750000 2.4590591 1.0000000
3.0000000 2.4752273 1.0000000
3.0250000 2.4913496 1.0000000
3.0500000 2.5074267 1.0000000
3.0750000 2.5234591 1.0000000
3.1000000 2.5394474 1.0000000
3.1250000 2.5553918 1.0000000
3.1500000 2.5712926 1.0000000
3.1750000 2.5871497 1.0000000
3.2000000 2.6029632 1.0000000
3.2250000 2.6187329 1.0000000
3.2500000 2.6344586 1.0000000
3.2750000 2.6501402 1.0000000
3.3000000 2.6657773 1.0000000
3.3250000 2.6813696 1.0000000
3.3500000 2.6969169 1.0000000
3.3750000 2.7124191 1.0000000
3.4000000 2.7278759 1.0000000
3.4250000 2.7432874 1.0000000
3.4500000 2.7586533 1.0000000
3.4750000 2.7739740 1.0000000
3.5000000 2.7892497 1.0000000
3.5250000 2.8044805 1.0000000
3.5500000 2.8196671 1.0000000
3.5750000 2.8348100 1.0000000
3.6000000 2.8499098 1.0000000
3.6250000 2.8649674 1.0000000
3.6500000 2.8799836 1.0000000
3.6750000 2.8949595 1.0000000
3.7000000 2.9098960 1.0000000
3.7250000 2.9247943 1.0000000
3.7500000 2.9396555 1.0000000
3.7750000 2.9544806 1.0000000
3.8000000 2.9692710 1.0000000
3.8250000 2.9840275 1.0000000
3.8500000 2.9987514 1.0000000
3.8750000 3.0134434 1.0000000
3.9000000 3.0281046 1.0000000
3.9250000 3.0427355 1.0000000
3.9500000 3.0573370 1.0000000
3.9750000 3.0719094 1.0000000
4.0000000 3.0864531 1.0000000
4.0250000 3.1009682 1.0000000
4.0500000 3.1154547 1.0000000
4.0750000 3.1299125 1.0000000
4.1000000 3.1443412 1.0000000
4.1250000 3.1587403 1.0000000
4.1500000 3.1731092 1.0000000
4.1750000 3.1874469 1.0000000
4.2000000 3.2017527 1.0000000
4.2250000 3.2160254 1.0000000
4.2500000 3.2302638 1.0000000
4.2750000 3.2444667 1.0000000
4.3000000 3.2586328 1.0000000
4.3250000 3.2727607 1.0000000
4.3500000 3.2868491 1.0000000
4.3750000 3.3008965 1.0000000
4.4000000 3.3149017 1.0000000
4.4250000 3.3288632 1.0000000
4.4500000 3.3427799 1.0000000
4.4750000 3.3566505 1.0000000
4.5000000 3.3704741 1.0000000
4.5250000 3.3842495 1.0000000
4.5500000 3.3979759 1.0000000
4.5750000 3.4116526 1.0000000
4.6000000 3.4252790 1.0000000
4.6250000 3.4388547 1.0000000
4.6500000 3.4523793 1.0000000
4.6750000 3.4658525 1.0000000
4.7000000 3.4792745 1.0000000
4.7250000 3.4926451 1.0000000
4.7500000 3.5059647 1.0000000
4.7750000 3.5192335 1.0000000
4.8000000 3.5324519 1.0000000
4.8250000 3.5456204 1.0000000
4.8500000 3.5587396 1.0000000
4.8750000 3.5718101 1.0000000
4.9000000 3.5848325 1.0000000
4.9250000 3.5978076 1.0000000
4.9500000 3.6107360 1.0000000
4.9750000 3.6236186 1.0000000
5.0000000 3.6364560 1.0000000


5.0250000 3.6492490 1.0000000
5.0500000 3.6619982 1.0000000
5.0750000 3.6747043 1.0000000
5.1000000 3.6873679 1.0000000
5.1250000 3.6999896 1.0000000
5.1500000 3.7125699 1.0000000
5.1750000 3.7251093 1.0000000
5.2000000 3.7376082 1.0000000
5.2250000 3.7500669 1.0000000
5.2500000 3.7624859 1.0000000
5.2750000 3.7748653 1.0000000
5.3000000 3.7872055 1.0000000
5.3250000 3.7995066 1.0000000
5.3500000 3.8117688 1.0000000
5.3750000 3.8239922 1.0000000
5.4000000 3.8361771 1.0000000
5.4250000 3.8483236 1.0000000
5.4500000 3.8604316 1.0000000
5.4750000 3.8725015 1.0000000
5.5000000 3.8845333 1.0000000
5.5250000 3.8965272 1.0000000
5.5500000 3.9084833 1.0000000
5.5750000 3.9204018 1.0000000
5.6000000 3.9322829 1.0000000
5.6250000 3.9441268 1.0000000
5.6500000 3.9559338 1.0000000
5.6750000 3.9677040 1.0000000
5.7000000 3.9794378 1.0000000
5.7250000 3.9911355 1.0000000
5.7500000 4.0027973 1.0000000
5.7750000 4.0144236 1.0000000
5.8000000 4.0260146 1.0000000
5.8250000 4.0375707 1.0000000
5.8500000 4.0490923 1.0000000
5.8750000 4.0605796 1.0000000
5.9000000 4.0720329 1.0000000
5.9250000 4.0834525 1.0000000
5.9500000 4.0948387 1.0000000
5.9750000 4.1061918 1.0000000
6.0000000 4.1175120 1.0000000
6.0250000 4.1287995 1.0000000
6.0500000 4.1400546 1.0000000
6.0750000 4.1512774 1.0000000
6.1000000 4.1624682 1.0000000
6.1250000 4.1736270 1.0000000
6.1500000 4.1847542 1.0000000
6.1750000 4.1958498 1.0000000
6.2000000 4.2069141 1.0000000
6.2250000 4.2179472 1.0000000
6.2500000 4.2289494 1.0000000
6.2750000 4.2399208 1.0000000
6.3000000 4.2508617 1.0000000
6.3250000 4.2617725 1.0000000
6.3500000 4.2726534 1.0000000
6.3750000 4.2835048 1.0000000
6.4000000 4.2943271 1.0000000
6.4250000 4.3051209 1.0000000
6.4500000 4.3158866 1.0000000
6.4750000 4.3266249 1.0000000
6.5000000 4.3373364 1.0000000
6.5250000 4.3480218 1.0000000
6.5500000 4.3586818 1.0000000
6.5750000 4.3693173 1.0000000
6.6000000 4.3799291 1.0000000
6.6250000 4.3905182 1.0000000
6.6500000 4.4010854 1.0000000
6.6750000 4.4116318 1.0000000
6.7000000 4.4221583 1.0000000
6.7250000 4.4326658 1.0000000
6.7500000 4.4431555 1.0000000
6.7750000 4.4536283 1.0000000
6.8000000 4.4640852 1.0000000
6.8250000 4.4745270 1.0000000
6.8500000 4.4849548 1.0000000
6.8750000 4.4953693 1.0000000
6.9000000 4.5057713 1.0000000
6.9250000 4.5161616 1.0000000
6.9500000 4.5265408 1.0000000
6.9750000 4.5369095 1.0000000
7.0000000 4.5472682 1.0000000
7.0250000 4.5576173 1.0000000
7.0500000 4.5679571 1.0000000
7.0750000 4.5782877 1.0000000
7.1000000 4.5886094 1.0000000
7.1250000 4.5989222 1.0000000
7.1500000 4.6092259 1.0000000
7.1750000 4.6195205 1.0000000
7.2000000 4.6298058 1.0000000
7.2250000 4.6400814 1.0000000
7.2500000 4.6503469 1.0000000
7.2750000 4.6606021 1.0000000
7.3000000 4.6708464 1.0000000
7.3250000 4.6810794 1.0000000
7.3500000 4.6913004 1.0000000
7.3750000 4.7015090 1.0000000
7.4000000 4.7117047 1.0000000
7.4250000 4.7218868 1.0000000
7.4500000 4.7320549 1.0000000
7.4750000 4.7422084 1.0000000
7.5000000 4.7523468 1.0000000
7.5250000 4.7624697 1.0000000
7.5500000 4.7725768 1.0000000
7.5750000 4.7826675 1.0000000
7.6000000 4.7927416 1.0000000
7.6250000 4.8027989 1.0000000
7.6500000 4.8128391 1.0000000
7.6750000 4.8228622 1.0000000
7.7000000 4.8328679 1.0000000
7.7250000 4.8428563 1.0000000
7.7500000 4.8528274 1.0000000
7.7750000 4.8627813 1.0000000
7.8000000 4.8727180 1.0000000
7.8250000 4.8826377 1.0000000
7.8500000 4.8925407 1.0000000
7.8750000 4.9024270 1.0000000
7.9000000 4.9122971 1.0000000
7.9250000 4.9221510 1.0000000
7.9500000 4.9319892 1.0000000
7.9750000 4.9418119 1.0000000
8.0000000 4.9516192 1.0000000
8.0250000 4.9614117 1.0000000
8.0500000 4.9711893 1.0000000
8.0750000 4.9809525 1.0000000
8.1000000 4.9907015 1.0000000
8.1250000 5.0004363 1.0000000
8.1500000 5.0101573 1.0000000
8.1750000 5.0198645 1.0000000
8.2000000 5.0295580 1.0000000
8.2250000 5.0392379 1.0000000
8.2500000 5.0489043 1.0000000
8.2750000 5.0585572 1.0000000
8.3000000 5.0681965 1.0000000
8.3250000 5.0778222 1.0000000
8.3500000 5.0874342 1.0000000
8.3750000 5.0970324 1.0000000
8.4000000 5.1066167 1.0000000
8.4250000 5.1161869 1.0000000
8.4500000 5.1257428 1.0000000
8.4750000 5.1352844 1.0000000
8.5000000 5.1448114 1.0000000
8.5250000 5.1543235 1.0000000
8.5500000 5.1638206 1.0000000
8.5750000 5.1733025 1.0000000
8.6000000 5.1827690 1.0000000
8.6250000 5.1922198 1.0000000
8.6500000 5.2016547 1.0000000
8.6750000 5.2110736 1.0000000
8.7000000 5.2204762 1.0000000
8.7250000 5.2298624 1.0000000
8.7500000 5.2392319 1.0000000
8.7750000 5.2485846 1.0000000
8.8000000 5.2579203 1.0000000
8.8250000 5.2672389 1.0000000
8.8500000 5.2765403 1.0000000
8.8750000 5.2858242 1.0000000
8.9000000 5.2950906 1.0000000
8.9250000 5.3043393 1.0000000
8.9500000 5.3135703 1.0000000
8.9750000 5.3227835 1.0000000
9.0000000 5.3319786 1.0000000
9.0250000 5.3411558 1.0000000
9.0500000 5.3503149 1.0000000
9.0750000 5.3594559 1.0000000
9.1000000 5.3685788 1.0000000
9.1250000 5.3776834 1.0000000
9.1500000 5.3867699 1.0000000
9.1750000 5.3958382 1.0000000
9.2000000 5.4048883 1.0000000
9.2250000 5.4139204 1.0000000
9.2500000 5.4229344 1.0000000
9.2750000 5.4319304 1.0000000
9.3000000 5.4409086 1.0000000
9.3250000 5.4498691 1.0000000
9.3500000 5.4588120 1.0000000
9.3750000 5.4677376 1.0000000
9.4000000 5.4766459 1.0000000
9.4250000 5.4855373 1.0000000
9.4500000 5.4944120 1.0000000
9.4750000 5.5032702 1.0000000
9.5000000 5.5121122 1.0000000
9.5250000 5.5209383 1.0000000
9.5500000 5.5297488 1.0000000
9.5750000 5.5385441 1.0000000
9.6000000 5.5473244 1.0000000
9.6250000 5.5560901 1.0000000
9.6500000 5.5648416 1.0000000
9.6750000 5.5735790 1.0000000
9.7000000 5.5823029 1.0000000
9.7250000 5.5910134 1.0000000
9.7500000 5.5997109 1.0000000
9.7750000 5.6083956 1.0000000
9.8000000 5.6170677 1.0000000
9.8250000 5.6257276 1.0000000
9.8500000 5.6343753 1.0000000
9.8750000 5.6430110 1.0000000
9.9000000 5.6516349 1.0000000
9.9250000 5.6602470 1.0000000
9.9500000 5.6688473 1.0000000
9.9750000 5.6774359 1.0000000
10.0000000 5.6860127 1.0000000
10.0250000 5.6945776 1.0000000
10.0500000 5.7031305 1.0000000
10.0750000 5.7116714 1.0000000
10.1000000 5.7201999 1.0000000
10.1250000 5.7287159 1.0000000
10.1500000 5.7372192 1.0000000
10.1750000 5.7457096 1.0000000
10.2000000 5.7541868 1.0000000
10.2250000 5.7626505 1.0000000
10.2500000 5.7711006 1.0000000
10.2750000 5.7795367 1.0000000
10.3000000 5.7879587 1.0000000
10.3250000 5.7963663 1.0000000
10.3500000 5.8047594 1.0000000
10.3750000 5.8131379 1.0000000
10.4000000 5.8215016 1.0000000
10.4250000 5.8298504 1.0000000
10.4500000 5.8381845 1.0000000
10.4750000 5.8465037 1.0000000
10.5000000 5.8548082 1.0000000
10.5250000 5.8630982 1.0000000
10.5500000 5.8713738 1.0000000
10.5750000 5.8796352 1.0000000
10.6000000 5.8878829 1.0000000
10.6250000 5.8961172 1.0000000
10.6500000 5.9043384 1.0000000
10.6750000 5.9125470 1.0000000
10.7000000 5.9207435 1.0000000
10.7250000 5.9289284 1.0000000
10.7500000 5.9371023 1.0000000
10.7750000 5.9452658 1.0000000
10.8000000 5.9534193 1.0000000
10.8250000 5.9615636 1.0000000
10.8500000 5.9696992 1.0000000
10.8750000 5.9778266 1.0000000
10.9000000 5.9859463 1.0000000
10.9250000 5.9940590 1.0000000
10.9500000 6.0021651 1.0000000
10.9750000 6.0102649 1.0000000
11.0000000 6.0183589 1.0000000
11.0250000 6.0264475 1.0000000
11.0500000 6.0345308 1.0000000
11.0750000 6.0426091 1.0000000
11.1000000 6.0506824 1.0000000
11.1250000 6.0587509 1.0000000
11.1500000 6.0668144 1.0000000
11.1750000 6.0748730 1.0000000
11.2000000 6.0829263 1.0000000
11.2250000 6.0909742 1.0000000
11.2500000 6.0990163 1.0000000
11.2750000 6.1070523 1.0000000
11.3000000 6.1150816 1.0000000
11.3250000 6.1231039 1.0000000
11.3500000 6.1311184 1.0000000
11.3750000 6.1391246 1.0000000
11.4000000 6.1471219 1.0000000
11.4250000 6.1551095 1.0000000
11.4500000 6.1630868 1.0000000
11.4750000 6.1710531 1.0000000
11.5000000 6.1790077 1.0000000
11.5250000 6.1869499 1.0000000
11.5500000 6.1948788 1.0000000
11.5750000 6.2027940 1.0000000
11.6000000 6.2106947 1.0000000
11.6250000 6.2185803 1.0000000
11.6500000 6.2264502 1.0000000
11.6750000 6.2343038 1.0000000
11.7000000 6.2421408 1.0000000
11.7250000 6.2499606 1.0000000
11.7500000 6.2577629 1.0000000
11.7750000 6.2655473 1.0000000
11.8000000 6.2733136 1.0000000
11.8250000 6.2810616 1.0000000
11.8500000 6.2887911 1.0000000
11.8750000 6.2965020 1.0000000
11.9000000 6.3041943 1.0000000
11.9250000 6.3118680 1.0000000
11.9500000 6.3195232 1.0000000
11.9750000 6.3271600 1.0000000
12.0000000 6.3347785 1.0000000
12.0250000 6.3423790 1.0000000
12.0500000 6.3499616 1.0000000
12.0750000 6.3575266 1.0000000
12.1000000 6.3650744 1.0000000
12.1250000 6.3726051 1.0000000
12.1500000 6.3801190 1.0000000
12.1750000 6.3876166 1.0000000
12.2000000 6.3950981 1.0000000
12.2250000 6.4025638 1.0000000
12.2500000 6.4100140 1.0000000
12.2750000 6.4174490 1.0000000
12.3000000 6.4248691 1.0000000
12.3250000 6.4322745 1.0000000
12.3500000 6.4396655 1.0000000
12.3750000 6.4470423 1.0000000
12.4000000 6.4544051 1.0000000
12.4250000 6.4617539 1.0000000
12.4500000 6.4690891 1.0000000
12.4750000 6.4764105 1.0000000
12.5000000 6.4837185 1.0000000
12.5250000 6.4910128 1.0000000
12.5500000 6.4982937 1.0000000
12.5750000 6.5055610 1.0000000
12.6000000 6.5128148 1.0000000
12.6250000 6.5200549 1.0000000
12.6500000 6.5272814 1.0000000
12.6750000 6.5344940 1.0000000
12.7000000 6.5416926 1.0000000
12.7250000 6.5488772 1.0000000
12.7500000 6.5560476 1.0000000
12.7750000 6.5632036 1.0000000
12.8000000 6.5703451 1.0000000
12.8250000 6.5774718 1.0000000
12.8500000 6.5845836 1.0000000
12.8750000 6.5916803 1.0000000
12.9000000 6.5987618 1.0000000
12.9250000 6.6058279 1.0000000
12.9500000 6.6128784 1.0000000
12.9750000 6.6199132 1.0000000
13.0000000 6.6269322 1.0000000
13.0250000 6.6339352 1.0000000
13.0500000 6.6409222 1.0000000
13.0750000 6.6478932 1.0000000
13.1000000 6.6548479 1.0000000
13.1250000 6.6617866 1.0000000
13.1500000 6.6687091 1.0000000
13.1750000 6.6756155 1.0000000
13.2000000 6.6825059 1.0000000
13.2250000 6.6893804 1.0000000
13.2500000 6.6962391 1.0000000
13.2750000 6.7030822 1.0000000
13.3000000 6.7099099 1.0000000
13.3250000 6.7167225 1.0000000
13.3500000 6.7235202 1.0000000
13.3750000 6.7303033 1.0000000
13.4000000 6.7370722 1.0000000
13.4250000 6.7438272 1.0000000
13.4500000 6.7505688 1.0000000
13.4750000 6.7572974 1.0000000
13.5000000 6.7640133 1.0000000
13.5250000 6.7707172 1.0000000
13.5500000 6.7774094 1.0000000
13.5750000 6.7840905 1.0000000
13.6000000 6.7907610 1.0000000
13.6250000 6.7974214 1.0000000
13.6500000 6.8040722 1.0000000
13.6750000 6.8107140 1.0000000
13.7000000 6.8173473 1.0000000
13.7250000 6.8239725 1.0000000
13.7500000 6.8305902 1.0000000
13.7750000 6.8372009 1.0000000
13.8000000 6.8438049 1.0000000
13.8250000 6.8504028 1.0000000
13.8500000 6.8569949 1.0000000
13.8750000 6.8635816 1.0000000
13.9000000 6.8701632 1.0000000
13.9250000 6.8767400 1.0000000
13.9500000 6.8833122 1.0000000
13.9750000 6.8898801 1.0000000
14.0000000 6.8964439 1.0000000
14.0250000 6.9030036 1.0000000
14.0500000 6.9095593 1.0000000
14.0750000 6.9161111 1.0000000
14.1000000 6.9226590 1.0000000
14.1250000 6.9292029 1.0000000
14.1500000 6.9357429 1.0000000
14.1750000 6.9422787 1.0000000
14.2000000 6.9488102 1.0000000
14.2250000 6.9553373 1.0000000
14.2500000 6.9618598 1.0000000
14.2750000 6.9683775 1.0000000
14.3000000 6.9748903 1.0000000
14.3250000 6.9813978 1.0000000
14.3500000 6.9878998 1.0000000
14.3750000 6.9943963 1.0000000
14.4000000 7.0008868 1.0000000
14.4250000 7.0073713 1.0000000
14.4500000 7.0138496 1.0000000
14.4750000 7.0203214 1.0000000
14.5000000 7.0267867 1.0000000
14.5250000 7.0332453 1.0000000
14.5500000 7.0396971 1.0000000
14.5750000 7.0461420 1.0000000
14.6000000 7.0525801 1.0000000
14.6250000 7.0590113 1.0000000
14.6500000 7.0654356 1.0000000
14.6750000 7.0718531 1.0000000
14.7000000 7.0782639 1.0000000
14.7250000 7.0846681 1.0000000
14.7500000 7.0910657 1.0000000
14.7750000 7.0974570 1.0000000
14.8000000 7.1038422 1.0000000
14.8250000 7.1102214 1.0000000
14.8500000 7.1165947 1.0000000
14.8750000 7.1229625 1.0000000
14.9000000 7.1293250 1.0000000
14.9250000 7.1356822 1.0000000
14.9500000 7.1420345 1.0000000
14.9750000 7.1483820 1.0000000
15.0000000 7.1547249 1.0000000
15.0250000 7.1610633 1.0000000
15.0500000 7.1673974 1.0000000
15.0750000 7.1737272 1.0000000
15.1000000 7.1800529 1.0000000
15.1250000 7.1863746 1.0000000
15.1500000 7.1926921 1.0000000
15.1750000 7.1990055 1.0000000
15.2000000 7.2053147 1.0000000
15.2250000 7.2116197 1.0000000
15.2500000 7.2179203 1.0000000
15.2750000 7.2242164 1.0000000
15.3000000 7.2305077 1.0000000
15.3250000 7.2367941 1.0000000
15.3500000 7.2430753 1.0000000
15.3750000 7.2493509 1.0000000
15.4000000 7.2556208 1.0000000
15.4250000 7.2618846 1.0000000
15.4500000 7.2681419 1.0000000
15.4750000 7.2743924 1.0000000
15.5000000 7.2806357 1.0000000
15.5250000 7.2868716 1.0000000
15.5500000 7.2930995 1.0000000
15.5750000 7.2993193 1.0000000
15.6000000 7.3055304 1.0000000
15.6250000 7.3117327 1.0000000
15.6500000 7.3179257 1.0000000
15.6750000 7.3241091 1.0000000
15.7000000 7.3302828 1.0000000
15.7250000 7.3364464 1.0000000
15.7500000 7.3425996 1.0000000
15.7750000 7.3487424 1.0000000
15.8000000 7.3548745 1.0000000
15.8250000 7.3609957 1.0000000
15.8500000 7.3671060 1.0000000
15.8750000 7.3732054 1.0000000
15.9000000 7.3792936 1.0000000
15.9250000 7.3853708 1.0000000
15.9500000 7.3914369 1.0000000
15.9750000 7.3974921 1.0000000
16.0000000 7.4035363 1.0000000
16.0250000 7.4095697 1.0000000
16.0500000 7.4155923 1.0000000
16.0750000 7.4216045 1.0000000
16.1000000 7.4276063 1.0000000
16.1250000 7.4335980 1.0000000
16.1500000 7.4395797 1.0000000
16.1750000 7.4455517 1.0000000
16.2000000 7.4515143 1.0000000
16.2250000 7.4574677 1.0000000
16.2500000 7.4634122 1.0000000
16.2750000 7.4693481 1.0000000
16.3000000 7.4752756 1.0000000
16.3250000 7.4811952 1.0000000
16.3500000 7.4871070 1.0000000
16.3750000 7.4930114 1.0000000
16.4000000 7.4989087 1.0000000
16.4250000 7.5047993 1.0000000
16.4500000 7.5106833 1.0000000
16.4750000 7.5165611 1.0000000
16.5000000 7.5224330 1.0000000
16.5250000 7.5282994 1.0000000
16.5500000 7.5341604 1.0000000
16.5750000 7.5400163 1.0000000
16.6000000 7.5458675 1.0000000
16.6250000 7.5517141 1.0000000
16.6500000 7.5575565 1.0000000
16.6750000 7.5633948 1.0000000
16.7000000 7.5692292 1.0000000
16.7250000 7.5750600 1.0000000
16.7500000 7.5808873 1.0000000
16.7750000 7.5867113 1.0000000
16.8000000 7.5925322 1.0000000
16.8250000 7.5983500 1.0000000
16.8500000 7.6041649 1.0000000
16.8750000 7.6099770 1.0000000
16.9000000 7.6157864 1.0000000
16.9250000 7.6215930 1.0000000
16.9500000 7.6273969 1.0000000
16.9750000 7.6331982 1.0000000
17.0000000 7.6389967 1.0000000
17.0250000 7.6447925 1.0000000
17.0500000 7.6505856 1.0000000
17.0750000 7.6563757 1.0000000
17.1000000 7.6621629 1.0000000
17.1250000 7.6679470 1.0000000
17.1500000 7.6737279 1.0000000
17.1750000 7.6795054 1.0000000
17.2000000 7.6852794 1.0000000
17.2250000 7.6910497 1.0000000
17.2500000 7.6968160 1.0000000
17.2750000 7.7025782 1.0000000
17.3000000 7.7083361 1.0000000
17.3250000 7.7140895 1.0000000
17.3500000 7.7198380 1.0000000
17.3750000 7.7255816 1.0000000
17.4000000 7.7313198 1.0000000
17.4250000 7.7370526 1.0000000
17.4500000 7.7427796 1.0000000
17.4750000 7.7485006 1.0000000
17.5000000 7.7542154 1.0000000
17.5250000 7.7599238 1.0000000
17.5500000 7.7656254 1.0000000
17.5750000 7.7713200 1.0000000
17.6000000 7.7770075 1.0000000
17.6250000 7.7826876 1.0000000
17.6500000 7.7883601 1.0000000
17.6750000 7.7940247 1.0000000
17.7000000 7.7996813 1.0000000
17.7250000 7.8053297 1.0000000
17.7500000 7.8109696 1.0000000
17.7750000 7.8166009 1.0000000
17.8000000 7.8222234 1.0000000
17.8250000 7.8278368 1.0000000
17.8500000 7.8334411 1.0000000
17.8750000 7.8390360 1.0000000
17.9000000 7.8446213 1.0000000
17.9250000 7.8501969 1.0000000
17.9500000 7.8557627 1.0000000
17.9750000 7.8613183 1.0000000
18.0000000 7.8668638 1.0000000
18.0250000 7.8723990 1.0000000
18.0500000 7.8779236 1.0000000
18.0750000 7.8834375 1.0000000
18.1000000 7.8889407 1.0000000
18.1250000 7.8944329 1.0000000
18.1500000 7.8999140 1.0000000
18.1750000 7.9053840 1.0000000
18.2000000 7.9108427 1.0000000
18.2250000 7.9162900 1.0000000
18.2500000 7.9217258 1.0000000
18.2750000 7.9271502 1.0000000
18.3000000 7.9325629 1.0000000
18.3250000 7.9379641 1.0000000
18.3500000 7.9433535 1.0000000
18.3750000 7.9487314 1.0000000
18.4000000 7.9540977 1.0000000
18.4250000 7.9594523 1.0000000
18.4500000 7.9647955 1.0000000
18.4750000 7.9701272 1.0000000
18.5000000 7.9754477 1.0000000
18.5250000 7.9807569 1.0000000
18.5500000 7.9860551 1.0000000
18.5750000 7.9913423 1.0000000
18.6000000 7.9966189 1.0000000
18.6250000 8.0018851 1.0000000
18.6500000 8.0071409 1.0000000
18.6750000 8.0123867 1.0000000
18.7000000 8.0176227 1.0000000
18.7250000 8.0228492 1.0000000
18.7500000 8.0280665 1.0000000
18.7750000 8.0332748 1.0000000
18.8000000 8.0384743 1.0000000
18.8250000 8.0436655 1.0000000
18.8500000 8.0488485 1.0000000
18.8750000 8.0540236 1.0000000
18.9000000 8.0591911 1.0000000
18.9250000 8.0643513 1.0000000
18.9500000 8.0695044 1.0000000
18.9750000 8.0746506 1.0000000
19.0000000 8.0797901 1.0000000
19.0250000 8.0849232 1.0000000
19.0500000 8.0900500 1.0000000
19.0750000 8.0951707 1.0000000
19.1000000 8.1002854 1.0000000
19.1250000 8.1053942 1.0000000
19.1500000 8.1104973 1.0000000
19.1750000 8.1155947 1.0000000
19.2000000 8.1206865 1.0000000
19.2250000 8.1257726 1.0000000
19.2500000 8.1308532 1.0000000
19.2750000 8.1359281 1.0000000
19.3000000 8.1409975 1.0000000
19.3250000 8.1460611 1.0000000
19.3500000 8.1511190 1.0000000
19.3750000 8.1561711 1.0000000
19.4000000 8.1612174 1.0000000
19.4250000 8.1662576 1.0000000
19.4500000 8.1712918 1.0000000
19.4750000 8.1763198 1.0000000
19.5000000 8.1813416 1.0000000
19.5250000 8.1863569 1.0000000
19.5500000 8.1913657 1.0000000
19.5750000 8.1963680 1.0000000
19.6000000 8.2013635 1.0000000
19.6250000 8.2063521 1.0000000
19.6500000 8.2113339 1.0000000
19.6750000 8.2163086 1.0000000
19.7000000 8.2212763 1.0000000
19.7250000 8.2262368 1.0000000
19.7500000 8.2311900 1.0000000
19.7750000 8.2361359 1.0000000
19.8000000 8.2410745 1.0000000
19.8250000 8.2460057 1.0000000
19.8500000 8.2509294 1.0000000
19.8750000 8.2558457 1.0000000
19.9000000 8.2607545 1.0000000
19.9250000 8.2656558 1.0000000
19.9500000 8.2705495 1.0000000
19.9750000 8.2754358 1.0000000
20.0000000 8.2803146 1.0000000
20.0250000 8.2851859 1.0000000
20.0500000 8.2900498 1.0000000
20.0750000 8.2949062 1.0000000
20.1000000 8.2997553 1.0000000
20.1250000 8.3045969 1.0000000
20.1500000 8.3094313 1.0000000
20.1750000 8.3142584 1.0000000
20.2000000 8.3190783 1.0000000
20.2250000 8.3238911 1.0000000
20.2500000 8.3286968 1.0000000
20.2750000 8.3334955 1.0000000
20.3000000 8.3382873 1.0000000
20.3250000 8.3430723 1.0000000
20.3500000 8.3478506 1.0000000
20.3750000 8.3526223 1.0000000
20.4000000 8.3573876 1.0000000
20.4250000 8.3621465 1.0000000
20.4500000 8.3668992 1.0000000
20.4750000 8.3716459 1.0000000
20.5000000 8.3763867 1.0000000
20.5250000 8.3811218 1.0000000
20.5500000 8.3858514 1.0000000
20.5750000 8.3905756 1.0000000
20.6000000 8.3952947 1.0000000
20.6250000 8.4000088 1.0000000
20.6500000 8.4047182 1.0000000
20.6750000 8.4094231 1.0000000
20.7000000 8.4141236 1.0000000
20.7250000 8.4188201 1.0000000
20.7500000 8.4235127 1.0000000
20.7750000 8.4282017 1.0000000
20.8000000 8.4328872 1.0000000
20.8250000 8.4375695 1.0000000
20.8500000 8.4422488 1.0000000
20.8750000 8.4469252 1.0000000
20.9000000 8.4515990 1.0000000
20.9250000 8.4562704 1.0000000
20.9500000 8.4609394 1.0000000
20.9750000 8.4656062 1.0000000
21.0000000 8.4702710 1.0000000
21.0250000 8.4749338 1.0000000
21.0500000 8.4795947 1.0000000
21.0750000 8.4842539 1.0000000
21.1000000 8.4889113 1.0000000
21.1250000 8.4935669 1.0000000
21.1500000 8.4982208 1.0000000
21.1750000 8.5028730 1.0000000
21.2000000 8.5075233 1.0000000
21.2250000 8.5121718 1.0000000
21.2500000 8.5168183 1.0000000
21.2750000 8.5214627 1.0000000
21.3000000 8.5261049 1.0000000
21.3250000 8.5307448 1.0000000
21.3500000 8.5353821 1.0000000
21.3750000 8.5400168 1.0000000
21.4000000 8.5446486 1.0000000
21.4250000 8.5492773 1.0000000
21.4500000 8.5539027 1.0000000
21.4750000 8.5585247 1.0000000
21.5000000 8.5631429 1.0000000
21.5250000 8.5677571 1.0000000
21.5500000 8.5723672 1.0000000
21.5750000 8.5769729 1.0000000
21.6000000 8.5815740 1.0000000
21.6250000 8.5861702 1.0000000
21.6500000 8.5907614 1.0000000
21.6750000 8.5953474 1.0000000
21.7000000 8.5999280 1.0000000
21.7250000 8.6045030 1.0000000
21.7500000 8.6090723 1.0000000
21.7750000 8.6136356 1.0000000
21.8000000 8.6181930 1.0000000
21.8250000 8.6227442 1.0000000
21.8500000 8.6272892 1.0000000
21.8750000 8.6318280 1.0000000
21.9000000 8.6363603 1.0000000
21.9250000 8.6408863 1.0000000
21.9500000 8.6454060 1.0000000
21.9750000 8.6499192 1.0000000
22.0000000 8.6544260 1.0000000
22.0250000 8.6589266 1.0000000
22.0500000 8.6634209 1.0000000
22.0750000 8.6679090 1.0000000
22.1000000 8.6723910 1.0000000
22.1250000 8.6768670 1.0000000
22.1500000 8.6813372 1.0000000
22.1750000 8.6858017 1.0000000
22.2000000 8.6902607 1.0000000
22.2250000 8.6947143 1.0000000
22.2500000 8.6991626 1.0000000
22.2750000 8.7036060 1.0000000
22.3000000 8.7080445 1.0000000
22.3250000 8.7124784 1.0000000
22.3500000 8.7169079 1.0000000
22.3750000 8.7213331 1.0000000
22.4000000 8.7257543 1.0000000
22.4250000 8.7301717 1.0000000
22.4500000 8.7345854 1.0000000
22.4750000 8.7389958 1.0000000
22.5000000 8.7434028 1.0000000
22.5250000 8.7478068 1.0000000
22.5500000 8.7522079 1.0000000
22.5750000 8.7566062 1.0000000
22.6000000 8.7610019 1.0000000
22.6250000 8.7653951 1.0000000
22.6500000 8.7697859 1.0000000
22.6750000 8.7741744 1.0000000
22.7000000 8.7785607 1.0000000
22.7250000 8.7829448 1.0000000
22.7500000 8.7873268 1.0000000
22.7750000 8.7917067 1.0000000
22.8000000 8.7960844 1.0000000
22.8250000 8.8004600 1.0000000
22.8500000 8.8048334 1.0000000
22.8750000 8.8092046 1.0000000
22.9000000 8.8135734 1.0000000
22.9250000 8.8179398 1.0000000
22.9500000 8.8223038 1.0000000
22.9750000 8.8266650 1.0000000
23.0000000 8.8310236 1.0000000
23.0250000 8.8353792 1.0000000
23.0500000 8.8397318 1.0000000
23.0750000 8.8440813 1.0000000
23.1000000 8.8484274 1.0000000
23.1250000 8.8527700 1.0000000
23.1500000 8.8571090 1.0000000
23.1750000 8.8614443 1.0000000
23.2000000 8.8657757 1.0000000
23.2250000 8.8701031 1.0000000
23.2500000 8.8744264 1.0000000
23.2750000 8.8787455 1.0000000
23.3000000 8.8830604 1.0000000
23.3250000 8.8873709 1.0000000
23.3500000 8.8916770 1.0000000
23.3750000 8.8959788 1.0000000
23.4000000 8.9002762 1.0000000
23.4250000 8.9045692 1.0000000
23.4500000 8.9088579 1.0000000
23.4750000 8.9131423 1.0000000
23.5000000 8.9174226 1.0000000
23.5250000 8.9216989 1.0000000
23.5500000 8.9259711 1.0000000
23.5750000 8.9302396 1.0000000
23.6000000 8.9345045 1.0000000
23.6250000 8.9387658 1.0000000
23.6500000 8.9430238 1.0000000
23.6750000 8.9472787 1.0000000
23.7000000 8.9515307 1.0000000
23.7250000 8.9557799 1.0000000
23.7500000 8.9600266 1.0000000
23.7750000 8.9642709 1.0000000
23.8000000 8.9685129 1.0000000
23.8250000 8.9727530 1.0000000
23.8500000 8.9769912 1.0000000
23.8750000 8.9812277 1.0000000
23.9000000 8.9854626 1.0000000
23.9250000 8.9896960 1.0000000
23.9500000 8.9939280 1.0000000
23.9750000 8.9981587 1.0000000
24.0000000 9.0023882 1.0000000
24.0250000 9.0066165 1.0000000
24.0500000 9.0108436 1.0000000
24.0750000 9.0150694 1.0000000
24.1000000 9.0192941 1.0000000
24.1250000 9.0235174 1.0000000
24.1500000 9.0277393 1.0000000
24.1750000 9.0319598 1.0000000
24.2000000 9.0361788 1.0000000
24.2250000 9.0403960 1.0000000
24.2500000 9.0446115 1.0000000
24.2750000 9.0488250 1.0000000
24.3000000 9.0530364 1.0000000
24.3250000 9.0572455 1.0000000
24.3500000 9.0614523 1.0000000
24.3750000 9.0656565 1.0000000
24.4000000 9.0698581 1.0000000
24.4250000 9.0740568 1.0000000
24.4500000 9.0782526 1.0000000
24.4750000 9.0824453 1.0000000
24.5000000 9.0866348 1.0000000
24.5250000 9.0908211 1.0000000
24.5500000 9.0950040 1.0000000
24.5750000 9.0991835 1.0000000
24.6000000 9.1033596 1.0000000
24.6250000 9.1075322 1.0000000
24.6500000 9.1117014 1.0000000
24.6750000 9.1158671 1.0000000
24.7000000 9.1200294 1.0000000
24.7250000 9.1241884 1.0000000
24.7500000 9.1283441 1.0000000
24.7750000 9.1324966 1.0000000
24.8000000 9.1366459 1.0000000
24.8250000 9.1407923 1.0000000
24.8500000 9.1449358 1.0000000
24.8750000 9.1490765 1.0000000
24.9000000 9.1532146 1.0000000
24.9250000 9.1573502 1.0000000
24.9500000 9.1614834 1.0000000
24.9750000 9.1656143 1.0000000
25.0000000 9.1697430 1.0000000
25.0250000 9.1738697 1.0000000
25.0500000 9.1779944 1.0000000
25.0750000 9.1821173 1.0000000
25.1000000 9.1862384 1.0000000
25.1250000 9.1903577 1.0000000
25.1500000 9.1944753 1.0000000
25.1750000 9.1985912 1.0000000
25.2000000 9.2027054 1.0000000
25.2250000 9.2068179 1.0000000
25.2500000 9.2109286 1.0000000
25.2750000 9.2150375 1.0000000
25.3000000 9.2191444 1.0000000
25.3250000 9.2232493 1.0000000
25.3500000 9.2273520 1.0000000
25.3750000 9.2314525 1.0000000
25.4000000 9.2355505 1.0000000
25.4250000 9.2396459 1.0000000
25.4500000 9.2437386 1.0000000
25.4750000 9.2478282 1.0000000
25.5000000 9.2519146 1.0000000
25.5250000 9.2559976 1.0000000
25.5500000 9.2600770 1.0000000
25.5750000 9.2641526 1.0000000
25.6000000 9.2682241 1.0000000
25.6250000 9.2722914 1.0000000
25.6500000 9.2763542 1.0000000
25.6750000 9.2804123 1.0000000
25.7000000 9.2844655 1.0000000
25.7250000 9.2885137 1.0000000
25.7500000 9.2925567 1.0000000
25.7750000 9.2965942 1.0000000
25.8000000 9.3006263 1.0000000
25.8250000 9.3046526 1.0000000
25.8500000 9.3086732 1.0000000
25.8750000 9.3126879 1.0000000
25.9000000 9.3166966 1.0000000
25.9250000 9.3206993 1.0000000
25.9500000 9.3246958 1.0000000
25.9750000 9.3286863 1.0000000
26.0000000 9.3326707 1.0000000
26.0250000 9.3366489 1.0000000
26.0500000 9.3406210 1.0000000
26.0750000 9.3445871 1.0000000
26.1000000 9.3485472 1.0000000
26.1250000 9.3525013 1.0000000
26.1500000 9.3564495 1.0000000
26.1750000 9.3603920 1.0000000
26.2000000 9.3643288 1.0000000
26.2250000 9.3682600 1.0000000
26.2500000 9.3721858 1.0000000
26.2750000 9.3761063 1.0000000
26.3000000 9.3800216 1.0000000
26.3250000 9.3839319 1.0000000
26.3500000 9.3878373 1.0000000
26.3750000 9.3917380 1.0000000
26.4000000 9.3956340 1.0000000
26.4250000 9.3995257 1.0000000
26.4500000 9.4034130 1.0000000
26.4750000 9.4072963 1.0000000
26.5000000 9.4111755 1.0000000
26.5250000 9.4150509 1.0000000
26.5500000 9.4189226 1.0000000
26.5750000 9.4227907 1.0000000
26.6000000 9.4266554 1.0000000
26.6250000 9.4305167 1.0000000
26.6500000 9.4343749 1.0000000
26.6750000 9.4382299 1.0000000
26.7000000 9.4420820 1.0000000
26.7250000 9.4459312 1.0000000
26.7500000 9.4497775 1.0000000
26.7750000 9.4536212 1.0000000
26.8000000 9.4574621 1.0000000
26.8250000 9.4613004 1.0000000
26.8500000 9.4651361 1.0000000
26.8750000 9.4689692 1.0000000
26.9000000 9.4727998 1.0000000
26.9250000 9.4766278 1.0000000
26.9500000 9.4804534 1.0000000
26.9750000 9.4842763 1.0000000
27.0000000 9.4880967 1.0000000
27.0250000 9.4919145 1.0000000
27.0500000 9.4957297 1.0000000
27.0750000 9.4995421 1.0000000
27.1000000 9.5033518 1.0000000
27.1250000 9.5071586 1.0000000
27.1500000 9.5109625 1.0000000
27.1750000 9.5147634 1.0000000
27.2000000 9.5185612 1.0000000
27.2250000 9.5223558 1.0000000
27.2500000 9.5261470 1.0000000
27.2750000 9.5299348 1.0000000
27.3000000 9.5337190 1.0000000
27.3250000 9.5374996 1.0000000
27.3500000 9.5412763 1.0000000
27.3750000 9.5450490 1.0000000
27.4000000 9.5488176 1.0000000
27.4250000 9.5525821 1.0000000
27.4500000 9.5563421 1.0000000
27.4750000 9.5600977 1.0000000
27.5000000 9.5638486 1.0000000
27.5250000 9.5675947 1.0000000
27.5500000 9.5713360 1.0000000
27.5750000 9.5750722 1.0000000
27.6000000 9.5788032 1.0000000
27.6250000 9.5825290 1.0000000
27.6500000 9.5862494 1.0000000
27.6750000 9.5899643 1.0000000
27.7000000 9.5936736 1.0000000
27.7250000 9.5973772 1.0000000
27.7500000 9.6010751 1.0000000
27.7750000 9.6047670 1.0000000
27.8000000 9.6084531 1.0000000
27.8250000 9.6121331 1.0000000
27.8500000 9.6158071 1.0000000
27.8750000 9.6194750 1.0000000
27.9000000 9.6231367 1.0000000
27.9250000 9.6267923 1.0000000
27.9500000 9.6304417 1.0000000
27.9750000 9.6340849 1.0000000
28.0000000 9.6377219 1.0000000
28.0250000 9.6413528 1.0000000
28.0500000 9.6449775 1.0000000
28.0750000 9.6485960 1.0000000
28.1000000 9.6522085 1.0000000
28.1250000 9.6558150 1.0000000
28.1500000 9.6594154 1.0000000
28.1750000 9.6630100 1.0000000
28.2000000 9.6665987 1.0000000
28.2250000 9.6701817 1.0000000
28.2500000 9.6737590 1.0000000
28.2750000 9.6773307 1.0000000
28.3000000 9.6808970 1.0000000
28.3250000 9.6844579 1.0000000
28.3500000 9.6880136 1.0000000
28.3750000 9.6915641 1.0000000
28.4000000 9.6951097 1.0000000
28.4250000 9.6986503 1.0000000
28.4500000 9.7021861 1.0000000
28.4750000 9.7057172 1.0000000
28.5000000 9.7092438 1.0000000
28.5250000 9.7127660 1.0000000
28.5500000 9.7162838 1.0000000
28.5750000 9.7197974 1.0000000
28.6000000 9.7233068 1.0000000
28.6250000 9.7268122 1.0000000
28.6500000 9.7303136 1.0000000
28.6750000 9.7338110 1.0000000
28.7000000 9.7373047 1.0000000
28.7250000 9.7407945 1.0000000
28.7500000 9.7442805 1.0000000
28.7750000 9.7477628 1.0000000
28.8000000 9.7512414 1.0000000
28.8250000 9.7547163 1.0000000
28.8500000 9.7581874 1.0000000
28.8750000 9.7616547 1.0000000
28.9000000 9.7651183 1.0000000
28.9250000 9.7685780 1.0000000
28.9500000 9.7720338 1.0000000
28.9750000 9.7754856 1.0000000
29.0000000 9.7789334 1.0000000
29.0250000 9.7823772 1.0000000
29.0500000 9.7858167 1.0000000
29.0750000 9.7892520 1.0000000
29.1000000 9.7926829 1.0000000
29.1250000 9.7961094 1.0000000
29.1500000 9.7995314 1.0000000
29.1750000 9.8029488 1.0000000
29.2000000 9.8063616 1.0000000
29.2250000 9.8097697 1.0000000
29.2500000 9.8131730 1.0000000
29.2750000 9.8165716 1.0000000
29.3000000 9.8199654 1.0000000
29.3250000 9.8233543 1.0000000
29.3500000 9.8267385 1.0000000
29.3750000 9.8301180 1.0000000
29.4000000 9.8334927 1.0000000
29.4250000 9.8368629 1.0000000
29.4500000 9.8402285 1.0000000
29.4750000 9.8435897 1.0000000
29.5000000 9.8469467 1.0000000
29.5250000 9.8502995 1.0000000
29.5500000 9.8536485 1.0000000
29.5750000 9.8569936 1.0000000
29.6000000 9.8603353 1.0000000
29.6250000 9.8636736 1.0000000
29.6500000 9.8670088 1.0000000
29.6750000 9.8703413 1.0000000
29.7000000 9.8736711 1.0000000
29.7250000 9.8769987 1.0000000
29.7500000 9.8803241 1.0000000
29.7750000 9.8836478 1.0000000
29.8000000 9.8869700 1.0000000
29.8250000 9.8902909 1.0000000
29.8500000 9.8936108 1.0000000
29.8750000 9.8969298 1.0000000
29.9000000 9.9002483 1.0000000
29.9250000 9.9035663 1.0000000
29.9500000 9.9068842 1.0000000
29.9750000 9.9102019 1.0000000
30.0000000 9.9135198 1.0000000
30.0250000 9.9168378 1.0000000
30.0500000 9.9201560 1.0000000
30.0750000 9.9234746 1.0000000
30.1000000 9.9267934 1.0000000
30.1250000 9.9301126 1.0000000
30.1500000 9.9334320 1.0000000
30.1750000 9.9367517 1.0000000
30.2000000 9.9400715 1.0000000
30.2250000 9.9433913 1.0000000
30.2500000 9.9467110 1.0000000
30.2750000 9.9500304 1.0000000
30.3000000 9.9533494 1.0000000
30.3250000 9.9566678 1.0000000
30.3500000 9.9599853 1.0000000
30.3750000 9.9633018 1.0000000
30.4000000 9.9666171 1.0000000
30.4250000 9.9699309 1.0000000
30.4500000 9.9732431 1.0000000
30.4750000 9.9765534 1.0000000
30.5000000 9.9798616 1.0000000
30.5250000 9.9831676 1.0000000
30.5500000 9.9864712 1.0000000
30.5750000 9.9897721 1.0000000
30.6000000 9.9930704 1.0000000
30.6250000 9.9963658 1.0000000
30.6500000 9.9996582 1.0000000
30.6750000 10.0029477 1.0000000
30.7000000 10.0062341 1.0000000
30.7250000 10.0095174 1.0000000
30.7500000 10.0127977 1.0000000
30.7750000 10.0160749 1.0000000
30.8000000 10.0193492 1.0000000
30.8250000 10.0226205 1.0000000
30.8500000 10.0258891 1.0000000
30.8750000 10.0291550 1.0000000
30.9000000 10.0324183 1.0000000
30.9250000 10.0356793 1.0000000
30.9500000 10.0389380 1.0000000
30.9750000 10.0421948 1.0000000
31.0000000 10.0454497 1.0000000
31.0250000 10.0487029 1.0000000
31.0500000 10.0519547 1.0000000
31.0750000 10.0552052 1.0000000
31.1000000 10.0584547 1.0000000
31.1250000 10.0617033 1.0000000
31.1500000 10.0649511 1.0000000
31.1750000 10.0681985 1.0000000
31.2000000 10.0714454 1.0000000
31.2250000 10.0746920 1.0000000
31.2500000 10.0779386 1.0000000
31.2750000 10.0811850 1.0000000
31.3000000 10.0844315 1.0000000
31.3250000 10.0876781 1.0000000
31.3500000 10.0909249 1.0000000
31.3750000 10.0941718 1.0000000
31.4000000 10.0974188 1.0000000
31.4250000 10.1006660 1.0000000
31.4500000 10.1039133 1.0000000
31.4750000 10.1071607 1.0000000
31.5000000 10.1104080 1.0000000
31.5250000 10.1136554 1.0000000
31.5500000 10.1169025 1.0000000
31.5750000 10.1201495 1.0000000
31.6000000 10.1233961 1.0000000
31.6250000 10.1266423 1.0000000
31.6500000 10.1298880 1.0000000
31.6750000 10.1331330 1.0000000
31.7000000 10.1363775 1.0000000
31.7250000 10.1396211 1.0000000
31.7500000 10.1428639 1.0000000
31.7750000 10.1461059 1.0000000
31.8000000 10.1493469 1.0000000
31.8250000 10.1525869 1.0000000
31.8500000 10.1558260 1.0000000
31.8750000 10.1590640 1.0000000
31.9000000 10.1623011 1.0000000
31.9250000 10.1655372 1.0000000
31.9500000 10.1687724 1.0000000
31.9750000 10.1720067 1.0000000
32.0000000 10.1752402 1.0000000
32.0250000 10.1784730 1.0000000
32.0500000 10.1817051 1.0000000
32.0750000 10.1849367 1.0000000
32.1000000 10.1881678 1.0000000
32.1250000 10.1913986 1.0000000
32.1500000 10.1946291 1.0000000
32.1750000 10.1978596 1.0000000
32.2000000 10.2010899 1.0000000
32.2250000 10.2043204 1.0000000
32.2500000 10.2075510 1.0000000
32.2750000 10.2107818 1.0000000
32.3000000 10.2140129 1.0000000
32.3250000 10.2172444 1.0000000
32.3500000 10.2204763 1.0000000
32.3750000 10.2237086 1.0000000
32.4000000 10.2269414 1.0000000
32.4250000 10.2301745 1.0000000
32.4500000 10.2334081 1.0000000
32.4750000 10.2366420 1.0000000
32.5000000 10.2398761 1.0000000
32.5250000 10.2431105 1.0000000
32.5500000 10.2463449 1.0000000
32.5750000 10.2495792 1.0000000
32.6000000 10.2528134 1.0000000
32.6250000 10.2560471 1.0000000
32.6500000 10.2592804 1.0000000
32.6750000 10.2625129 1.0000000
32.7000000 10.2657445 1.0000000
32.7250000 10.2689750 1.0000000
32.7500000 10.2722042 1.0000000
32.7750000 10.2754318 1.0000000
32.8000000 10.2786576 1.0000000
32.8250000 10.2818815 1.0000000
32.8500000 10.2851031 1.0000000
32.8750000 10.2883224 1.0000000
32.9000000 10.2915391 1.0000000
32.9250000 10.2947529 1.0000000
32.9500000 10.2979638 1.0000000
32.9750000 10.3011716 1.0000000
33.0000000 10.3043761 1.0000000
33.0250000 10.3075771 1.0000000
33.0500000 10.3107746 1.0000000
33.0750000 10.3139685 1.0000000
33.1000000 10.3171587 1.0000000
33.1250000 10.3203450 1.0000000
33.1500000 10.3235276 1.0000000
33.1750000 10.3267063 1.0000000
33.2000000 10.3298811 1.0000000
33.2250000 10.3330521 1.0000000
33.2500000 10.3362193 1.0000000
33.2750000 10.3393827 1.0000000
33.3000000 10.3425424 1.0000000
33.3250000 10.3456984 1.0000000
33.3500000 10.3488509 1.0000000
33.3750000 10.3520000 1.0000000
33.4000000 10.3551458 1.0000000
33.4250000 10.3582883 1.0000000
33.4500000 10.3614277 1.0000000
33.4750000 10.3645642 1.0000000
33.5000000 10.3676978 1.0000000
33.5250000 10.3708287 1.0000000
33.5500000 10.3739570 1.0000000
33.5750000 10.3770828 1.0000000
33.6000000 10.3802063 1.0000000
33.6250000 10.3833276 1.0000000
33.6500000 10.3864468 1.0000000
33.6750000 10.3895641 1.0000000
33.7000000 10.3926794 1.0000000
33.7250000 10.3957929 1.0000000
33.7500000 10.3989046 1.0000000
33.7750000 10.4020147 1.0000000
33.8000000 10.4051232 1.0000000
33.8250000 10.4082302 1.0000000
33.8500000 10.4113356 1.0000000
33.8750000 10.4144396 1.0000000
33.9000000 10.4175421 1.0000000
33.9250000 10.4206432 1.0000000
33.9500000 10.4237428 1.0000000
33.9750000 10.4268410 1.0000000
34.0000000 10.4299377 1.0000000
34.0250000 10.4330329 1.0000000
34.0500000 10.4361267 1.0000000
34.0750000 10.4392190 1.0000000
34.1000000 10.4423097 1.0000000
34.1250000 10.4453989 1.0000000
34.1500000 10.4484865 1.0000000
34.1750000 10.4515725 1.0000000
34.2000000 10.4546569 1.0000000
34.2250000 10.4577396 1.0000000
34.2500000 10.4608207 1.0000000
34.2750000 10.4639002 1.0000000
34.3000000 10.4669779 1.0000000
34.3250000 10.4700540 1.0000000
34.3500000 10.4731285 1.0000000
34.3750000 10.4762013 1.0000000
34.4000000 10.4792725 1.0000000
34.4250000 10.4823421 1.0000000
34.4500000 10.4854101 1.0000000
34.4750000 10.4884767 1.0000000
34.5000000 10.4915418 1.0000000
34.5250000 10.4946055 1.0000000
34.5500000 10.4976679 1.0000000
34.5750000 10.5007290 1.0000000
34.6000000 10.5037889 1.0000000
34.6250000 10.5068477 1.0000000
34.6500000 10.5099055 1.0000000
34.6750000 10.5129622 1.0000000
34.7000000 10.5160181 1.0000000
34.7250000 10.5190731 1.0000000
34.7500000 10.5221274 1.0000000
34.7750000 10.5251810 1.0000000
34.8000000 10.5282340 1.0000000
34.8250000 10.5312865 1.0000000
34.8500000 10.5343383 1.0000000
34.8750000 10.5373898 1.0000000
34.9000000 10.5404407 1.0000000
34.9250000 10.5434913 1.0000000
34.9500000 10.5465414 1.0000000
34.9750000 10.5495911 1.0000000
35.0000000 10.5526403 1.0000000
35.0250000 10.5556892 1.0000000
35.0500000 10.5587375 1.0000000
35.0750000 10.5617853 1.0000000
35.1000000 10.5648325 1.0000000
35.1250000 10.5678790 1.0000000
35.1500000 10.5709248 1.0000000
35.1750000 10.5739698 1.0000000
35.2000000 10.5770138 1.0000000
35.2250000 10.5800569 1.0000000
35.2500000 10.5830988 1.0000000
35.2750000 10.5861395 1.0000000
35.3000000 10.5891789 1.0000000
35.3250000 10.5922168 1.0000000
35.3500000 10.5952531 1.0000000
35.3750000 10.5982878 1.0000000
35.4000000 10.6013207 1.0000000
35.4250000 10.6043517 1.0000000
35.4500000 10.6073808 1.0000000
35.4750000 10.6104078 1.0000000
35.5000000 10.6134327 1.0000000
35.5250000 10.6164554 1.0000000
35.5500000 10.6194759 1.0000000
35.5750000 10.6224941 1.0000000
35.6000000 10.6255101 1.0000000
35.6250000 10.6285237 1.0000000
35.6500000 10.6315351 1.0000000
35.6750000 10.6345442 1.0000000
35.7000000 10.6375510 1.0000000
35.7250000 10.6405557 1.0000000
35.7500000 10.6435583 1.0000000
35.7750000 10.6465588 1.0000000
35.8000000 10.6495575 1.0000000
35.8250000 10.6525542 1.0000000
35.8500000 10.6555493 1.0000000
35.8750000 10.6585428 1.0000000
35.9000000 10.6615348 1.0000000
35.9250000 10.6645254 1.0000000
35.9500000 10.6675148 1.0000000
35.9750000 10.6705032 1.0000000
36.0000000 10.6734906 1.0000000
36.0250000 10.6764771 1.0000000
36.0500000 10.6794630 1.0000000
36.0750000 10.6824483 1.0000000
36.1000000 10.6854332 1.0000000
36.1250000 10.6884176 1.0000000
36.1500000 10.6914017 1.0000000
36.1750000 10.6943856 1.0000000
36.2000000 10.6973693 1.0000000
36.2250000 10.7003529 1.0000000
36.2500000 10.7033363 1.0000000
36.2750000 10.7063196 1.0000000
36.3000000 10.7093027 1.0000000
36.3250000 10.7122855 1.0000000
36.3500000 10.7152682 1.0000000
36.3750000 10.7182504 1.0000000
36.4000000 10.7212322 1.0000000
36.4250000 10.7242135 1.0000000
36.4500000 10.7271940 1.0000000
36.4750000 10.7301738 1.0000000
36.5000000 10.7331525 1.0000000
36.5250000 10.7361301 1.0000000
36.5500000 10.7391063 1.0000000
36.5750000 10.7420811 1.0000000
36.6000000 10.7450541 1.0000000
36.6250000 10.7480253 1.0000000
36.6500000 10.7509944 1.0000000
36.6750000 10.7539612 1.0000000
36.7000000 10.7569257 1.0000000
36.7250000 10.7598875 1.0000000
36.7500000 10.7628466 1.0000000
36.7750000 10.7658027 1.0000000
36.8000000 10.7687559 1.0000000
36.8250000 10.7717059 1.0000000
36.8500000 10.7746527 1.0000000
36.8750000 10.7775961 1.0000000
36.9000000 10.7805362 1.0000000
36.9250000 10.7834729 1.0000000
36.9500000 10.7864061 1.0000000
36.9750000 10.7893360 1.0000000
37.0000000 10.7922625 1.0000000
37.0250000 10.7951857 1.0000000
37.0500000 10.7981056 1.0000000
37.0750000 10.8010225 1.0000000
37.1000000 10.8039363 1.0000000
37.1250000 10.8068473 1.0000000
37.1500000 10.8097557 1.0000000
37.1750000 10.8126615 1.0000000
37.2000000 10.8155649 1.0000000
37.2250000 10.8184663 1.0000000
37.2500000 10.8213658 1.0000000
37.2750000 10.8242637 1.0000000
37.3000000 10.8271601 1.0000000
37.3250000 10.8300553 1.0000000
37.3500000 10.8329496 1.0000000
37.3750000 10.8358432 1.0000000
37.4000000 10.8387363 1.0000000
37.4250000 10.8416292 1.0000000
37.4500000 10.8445220 1.0000000
37.4750000 10.8474151 1.0000000
37.5000000 10.8503085 1.0000000
37.5250000 10.8532025 1.0000000
37.5500000 10.8560972 1.0000000
37.5750000 10.8589928 1.0000000
37.6000000 10.8618895 1.0000000
37.6250000 10.8647873 1.0000000
37.6500000 10.8676863 1.0000000
37.6750000 10.8705866 1.0000000
37.7000000 10.8734883 1.0000000
37.7250000 10.8763914 1.0000000
37.7500000 10.8792958 1.0000000
37.7750000 10.8822017 1.0000000
37.8000000 10.8851088 1.0000000
37.8250000 10.8880173 1.0000000
37.8500000 10.8909270 1.0000000
37.8750000 10.8938379 1.0000000
37.9000000 10.8967497 1.0000000
37.9250000 10.8996625 1.0000000
37.9500000 10.9025760 1.0000000
37.9750000 10.9054901 1.0000000
38.0000000 10.9084047 1.0000000
38.0250000 10.9113196 1.0000000
38.0500000 10.9142345 1.0000000
38.0750000 10.9171494 1.0000000
38.1000000 10.9200640 1.0000000
38.1250000 10.9229782 1.0000000
38.1500000 10.9258916 1.0000000
38.1750000 10.9288043 1.0000000
38.2000000 10.9317158 1.0000000
38.2250000 10.9346262 1.0000000
38.2500000 10.9375351 1.0000000
38.2750000 10.9404424 1.0000000
38.3000000 10.9433479 1.0000000
38.3250000 10.9462515 1.0000000
38.3500000 10.9491530 1.0000000
38.3750000 10.9520522 1.0000000
38.4000000 10.9549490 1.0000000
38.4250000 10.9578432 1.0000000
38.4500000 10.9607349 1.0000000
38.4750000 10.9636237 1.0000000
38.5000000 10.9665096 1.0000000
38.5250000 10.9693926 1.0000000
38.5500000 10.9722726 1.0000000
38.5750000 10.9751494 1.0000000
38.6000000 10.9780230 1.0000000
38.6250000 10.9808934 1.0000000
38.6500000 10.9837605 1.0000000
38.6750000 10.9866243 1.0000000
38.7000000 10.9894847 1.0000000
38.7250000 10.9923417 1.0000000
38.7500000 10.9951953 1.0000000
38.7750000 10.9980455 1.0000000
38.8000000 11.0008922 1.0000000
38.8250000 11.0037356 1.0000000
38.8500000 11.0065755 1.0000000
38.8750000 11.0094120 1.0000000
38.9000000 11.0122450 1.0000000
38.9250000 11.0150747 1.0000000
38.9500000 11.0179009 1.0000000
38.9750000 11.0207238 1.0000000
39.0000000 11.0235433 1.0000000
39.0250000 11.0263594 1.0000000
39.0500000 11.0291721 1.0000000
39.0750000 11.0319814 1.0000000
39.1000000 11.0347874 1.0000000
39.1250000 11.0375901 1.0000000
39.1500000 11.0403893 1.0000000
39.1750000 11.0431852 1.0000000
39.2000000 11.0459777 1.0000000
39.2250000 11.0487669 1.0000000
39.2500000 11.0515526 1.0000000
39.2750000 11.0543349 1.0000000
39.3000000 11.0571138 1.0000000
39.3250000 11.0598892 1.0000000
39.3500000 11.0626611 1.0000000
39.3750000 11.0654295 1.0000000
39.4000000 11.0681944 1.0000000
39.4250000 11.0709557 1.0000000
39.4500000 11.0737134 1.0000000
39.4750000 11.0764675 1.0000000
39.5000000 11.0792180 1.0000000
39.5250000 11.0819647 1.0000000
39.5500000 11.0847077 1.0000000
39.5750000 11.0874470 1.0000000
39.6000000 11.0901825 1.0000000
39.6250000 11.0929142 1.0000000
39.6500000 11.0956422 1.0000000
39.6750000 11.0983663 1.0000000
39.7000000 11.1010866 1.0000000
39.7250000 11.1038031 1.0000000
39.7500000 11.1065157 1.0000000
39.7750000 11.1092246 1.0000000
39.8000000 11.1119298 1.0000000
39.8250000 11.1146312 1.0000000
39.8500000 11.1173288 1.0000000
39.8750000 11.1200229 1.0000000
39.9000000 11.1227133 1.0000000
39.9250000 11.1254003 1.0000000
39.9500000 11.1280837 1.0000000
39.9750000 11.1307638 1.0000000
40.0000000 11.1334406 1.0000000
40.0250000 11.1361141 1.0000000
40.0500000 11.1387846 1.0000000
40.0750000 11.1414521 1.0000000
40.1000000 11.1441166 1.0000000
40.1250000 11.1467784 1.0000000
40.1500000 11.1494375 1.0000000
40.1750000 11.1520939 1.0000000
40.2000000 11.1547480 1.0000000
40.2250000 11.1573996 1.0000000
40.2500000 11.1600490 1.0000000
40.2750000 11.1626963 1.0000000
40.3000000 11.1653414 1.0000000
40.3250000 11.1679846 1.0000000
40.3500000 11.1706258 1.0000000
40.3750000 11.1732652 1.0000000
40.4000000 11.1759027 1.0000000
40.4250000 11.1785385 1.0000000
40.4500000 11.1811725 1.0000000
40.4750000 11.1838047 1.0000000
40.5000000 11.1864352 1.0000000
40.5250000 11.1890639 1.0000000
40.5500000 11.1916908 1.0000000
40.5750000 11.1943158 1.0000000
40.6000000 11.1969388 1.0000000
40.6250000 11.1995599 1.0000000
40.6500000 11.2021788 1.0000000
40.6750000 11.2047954 1.0000000
40.7000000 11.2074097 1.0000000
40.7250000 11.2100214 1.0000000
40.7500000 11.2126305 1.0000000
40.7750000 11.2152368 1.0000000
40.8000000 11.2178400 1.0000000
40.8250000 11.2204401 1.0000000
40.8500000 11.2230368 1.0000000
40.8750000 11.2256300 1.0000000
40.9000000 11.2282195 1.0000000
40.9250000 11.2308050 1.0000000
40.9500000 11.2333864 1.0000000
40.9750000 11.2359636 1.0000000
41.0000000 11.2385363 1.0000000
41.0250000 11.2411043 1.0000000
41.0500000 11.2436675 1.0000000
41.0750000 11.2462258 1.0000000
41.1000000 11.2487789 1.0000000
41.1250000 11.2513268 1.0000000
41.1500000 11.2538694 1.0000000
41.1750000 11.2564064 1.0000000
41.2000000 11.2589379 1.0000000
41.2250000 11.2614637 1.0000000
41.2500000 11.2639837 1.0000000
41.2750000 11.2664980 1.0000000
41.3000000 11.2690063 1.0000000
41.3250000 11.2715088 1.0000000
41.3500000 11.2740054 1.0000000
41.3750000 11.2764961 1.0000000
41.4000000 11.2789808 1.0000000
41.4250000 11.2814597 1.0000000
41.4500000 11.2839327 1.0000000
41.4750000 11.2863998 1.0000000
41.5000000 11.2888611 1.0000000
41.5250000 11.2913167 1.0000000
41.5500000 11.2937666 1.0000000
41.5750000 11.2962109 1.0000000
41.6000000 11.2986496 1.0000000
41.6250000 11.3010829 1.0000000
41.6500000 11.3035108 1.0000000
41.6750000 11.3059334 1.0000000
41.7000000 11.3083508 1.0000000
41.7250000 11.3107631 1.0000000
41.7500000 11.3131704 1.0000000
41.7750000 11.3155728 1.0000000
41.8000000 11.3179705 1.0000000
41.8250000 11.3203634 1.0000000
41.8500000 11.3227519 1.0000000
41.8750000 11.3251359 1.0000000
41.9000000 11.3275157 1.0000000
41.9250000 11.3298913 1.0000000
41.9500000 11.3322629 1.0000000
41.9750000 11.3346307 1.0000000
42.0000000 11.3369947 1.0000000
42.0250000 11.3393551 1.0000000
42.0500000 11.3417122 1.0000000
42.0750000 11.3440660 1.0000000
42.1000000 11.3464167 1.0000000
42.1250000 11.3487644 1.0000000
42.1500000 11.3511094 1.0000000
42.1750000 11.3534518 1.0000000
42.2000000 11.3557918 1.0000000
42.2250000 11.3581296 1.0000000
42.2500000 11.3604652 1.0000000
42.2750000 11.3627990 1.0000000
42.3000000 11.3651310 1.0000000
42.3250000 11.3674614 1.0000000
42.3500000 11.3697904 1.0000000
42.3750000 11.3721181 1.0000000
42.4000000 11.3744447 1.0000000
42.4250000 11.3767702 1.0000000
42.4500000 11.3790949 1.0000000
42.4750000 11.3814188 1.0000000
42.5000000 11.3837420 1.0000000
42.5250000 11.3860647 1.0000000
42.5500000 11.3883868 1.0000000
42.5750000 11.3907084 1.0000000
42.6000000 11.3930296 1.0000000
42.6250000 11.3953505 1.0000000
42.6500000 11.3976709 1.0000000
42.6750000 11.3999910 1.0000000
42.7000000 11.4023108 1.0000000
42.7250000 11.4046301 1.0000000
42.7500000 11.4069489 1.0000000
42.7750000 11.4092673 1.0000000
42.8000000 11.4115851 1.0000000
42.8250000 11.4139022 1.0000000
42.8500000 11.4162187 1.0000000
42.8750000 11.4185344 1.0000000
42.9000000 11.4208491 1.0000000
42.9250000 11.4231630 1.0000000
42.9500000 11.4254757 1.0000000
42.9750000 11.4277873 1.0000000
43.0000000 11.4300977 1.0000000
43.0250000 11.4324067 1.0000000
43.0500000 11.4347143 1.0000000
43.0750000 11.4370205 1.0000000
43.1000000 11.4393251 1.0000000
43.1250000 11.4416281 1.0000000
43.1500000 11.4439294 1.0000000
43.1750000 11.4462291 1.0000000
43.2000000 11.4485270 1.0000000
43.2250000 11.4508233 1.0000000
43.2500000 11.4531178 1.0000000
43.2750000 11.4554106 1.0000000
43.3000000 11.4577018 1.0000000
43.3250000 11.4599913 1.0000000
43.3500000 11.4622793 1.0000000
43.3750000 11.4645657 1.0000000
43.4000000 11.4668506 1.0000000
43.4250000 11.4691342 1.0000000
43.4500000 11.4714165 1.0000000
43.4750000 11.4736976 1.0000000
43.5000000 11.4759775 1.0000000
43.5250000 11.4782565 1.0000000
43.5500000 11.4805345 1.0000000
43.5750000 11.4828118 1.0000000
43.6000000 11.4850883 1.0000000
43.6250000 11.4873642 1.0000000
43.6500000 11.4896396 1.0000000
43.6750000 11.4919146 1.0000000
43.7000000 11.4941893 1.0000000
43.7250000 11.4964638 1.0000000
43.7500000 11.4987381 1.0000000
43.7750000 11.5010124 1.0000000
43.8000000 11.5032867 1.0000000
43.8250000 11.5055610 1.0000000
43.8500000 11.5078355 1.0000000
43.8750000 11.5101102 1.0000000
43.9000000 11.5123852 1.0000000
43.9250000 11.5146604 1.0000000
43.9500000 11.5169361 1.0000000
43.9750000 11.5192121 1.0000000
44.0000000 11.5214886 1.0000000
44.0250000 11.5237655 1.0000000
44.0500000 11.5260430 1.0000000
44.0750000 11.5283211 1.0000000
44.1000000 11.5305997 1.0000000
44.1250000 11.5328790 1.0000000
44.1500000 11.5351590 1.0000000
44.1750000 11.5374398 1.0000000
44.2000000 11.5397213 1.0000000
44.2250000 11.5420036 1.0000000
44.2500000 11.5442869 1.0000000
44.2750000 11.5465710 1.0000000
44.3000000 11.5488562 1.0000000
44.3250000 11.5511424 1.0000000
44.3500000 11.5534297 1.0000000
44.3750000 11.5557182 1.0000000
44.4000000 11.5580079 1.0000000
44.4250000 11.5602988 1.0000000
44.4500000 11.5625911 1.0000000
44.4750000 11.5648847 1.0000000
44.5000000 11.5671797 1.0000000
44.5250000 11.5694761 1.0000000
44.5500000 11.5717740 1.0000000
44.5750000 11.5740734 1.0000000
44.6000000 11.5763743 1.0000000
44.6250000 11.5786766 1.0000000
44.6500000 11.5809805 1.0000000
44.6750000 11.5832858 1.0000000
44.7000000 11.5855925 1.0000000
44.7250000 11.5879007 1.0000000
44.7500000 11.5902101 1.0000000
44.7750000 11.5925208 1.0000000
44.8000000 11.5948327 1.0000000
44.8250000 11.5971457 1.0000000
44.8500000 11.5994596 1.0000000
44.8750000 11.6017744 1.0000000
44.9000000 11.6040899 1.0000000
44.9250000 11.6064061 1.0000000
44.9500000 11.6087226 1.0000000
44.9750000 11.6110395 1.0000000


45.0000000 11.6133564 1.0000000
50.0000000 12.2174097 1.0000000
100.0000000 15.3564369 1.0000000
150.0000000 17.3781120 1.0000000
200.0000000 18.8520676 1.0000000
250.0000000 20.2446009 1.0000000
300.0000000 21.2880284 1.0000000
350.0000000 22.2551115 1.0000000
400.0000000 23.1898062 1.0000000
450.0000000 23.9833127 1.0000000
500.0000000 24.7286323 1.0000000
550.0000000 25.4010043 1.0000000
600.0000000 25.9748254 1.0000000
650.0000000 26.5145469 1.0000000
700.0000000 27.1147582 1.0000000
750.0000000 27.5967595 1.0000000
800.0000000 28.0909182 1.0000000
850.0000000 28.6357894 1.0000000
900.0000000 29.0937385 1.0000000
950.0000000 29.5563829 1.0000000
1000.0000000 29.9844159 1.0000000
1050.0000000 30.4067079 1.0000000
1100.0000000 30.8100083 1.0000000
1150.0000000 31.2015247 1.0000000
1200.0000000 31.5587032 1.0000000
1250.0000000 31.9251879 1.0000000
1300.0000000 32.2870783 1.0000000
1350.0000000 32.6187233 1.0000000
1400.0000000 32.9341244 1.0000000
1450.0000000 33.2366844 1.0000000
1500.0000000 33.5441074 1.0000000
1550.0000000 33.8697956 1.0000000
1600.0000000 34.1658749 1.0000000
1650.0000000 34.4627601 1.0000000
1700.0000000 34.7155420 1.0000000
1750.0000000 34.9459751 1.0000000
1800.0000000 35.2843265 1.0000000
1850.0000000 35.6345597 1.0000000
1900.0000000 35.8793084 1.0000000
1950.0000000 36.1576647 1.0000000
2000.0000000 36.4040861 1.0000000
2050.0000000 36.6505951 1.0000000
2100.0000000 36.9101426 1.0000000
2150.0000000 37.1664214 1.0000000
2200.0000000 37.3858411 1.0000000
2250.0000000 37.6322783 1.0000000
2300.0000000 37.9354043 1.0000000
2350.0000000 38.2300575 1.0000000
2400.0000000 38.4404379 1.0000000
2450.0000000 38.6641713 1.0000000
2500.0000000 38.8805743 1.0000000
2550.0000000 39.1062207 1.0000000
2600.0000000 39.3194190 1.0000000
2650.0000000 39.5292383 1.0000000
2700.0000000 39.7875166 1.0000000
2750.0000000 39.9928933 1.0000000
2800.0000000 40.2328025 1.0000000
2850.0000000 40.5227917 1.0000000
2900.0000000 40.7863775 1.0000000
2950.0000000 41.0203957 1.0000000
3000.0000000 41.2474516 1.0000000
3050.0000000 41.5165249 1.0000000
3100.0000000 41.7557687 1.0000000
3150.0000000 41.9476759 1.0000000
3200.0000000 42.1263683 1.0000000
3250.0000000 42.3179194 1.0000000
3300.0000000 42.5283709 1.0000000
3350.0000000 42.7719608 1.0000000
3400.0000000 42.9480105 1.0000000
3450.0000000 43.1389224 1.0000000
3500.0000000 43.3435954 1.0000000
3550.0000000 43.5353450 1.0000000
3600.0000000 43.7471455 1.0000000
3650.0000000 43.9182740 1.0000000
3700.0000000 44.1202999 1.0000000
3750.0000000 44.3143028 1.0000000
3800.0000000 44.5023856 1.0000000
3850.0000000 44.6370019 1.0000000
3900.0000000 44.8675683 1.0000000
3950.0000000 45.0141554 1.0000000
4000.0000000 45.1920174 1.0000000
4050.0000000 45.3975411 1.0000000
4100.0000000 45.5885233 1.0000000
4150.0000000 45.7649553 1.0000000
4200.0000000 45.9728602 1.0000000
4250.0000000 46.1341762 1.0000000
4300.0000000 46.3173328 1.0000000
4350.0000000 46.4716740 1.0000000
4400.0000000 46.5931809 1.0000000
4450.0000000 46.7503015 1.0000000
4500.0000000 46.9367336 1.0000000
4550.0000000 47.0875176 1.0000000
4600.0000000 47.2609846 1.0000000
4650.0000000 47.4361492 1.0000000
4700.0000000 47.5809051 1.0000000
4750.0000000 47.7251410 1.0000000
4800.0000000 47.8499133 1.0000000
4850.0000000 47.9657617 1.0000000
4900.0000000 48.1046268 1.0000000
4950.0000000 48.2084600 1.0000000
5000.0000000 48.3284940 1.0000000
5050.0000000 48.4221262 1.0000000
5100.0000000 48.5730670 1.0000000
5150.0000000 48.6855160 1.0000000
5200.0000000 48.8005326 1.0000000
5250.0000000 48.9153607 1.0000000
5300.0000000 49.0623778 1.0000000
5350.0000000 49.1959225 1.0000000
5400.0000000 49.3019190 1.0000000
5450.0000000 49.3602551 1.0000000
5500.0000000 49.4776268 1.0000000
5550.0000000 49.5756966 1.0000000
5600.0000000 49.6680685 1.0000000
5650.0000000 49.7490808 1.0000000
5700.0000000 49.8881744 1.0000000
5750.0000000 50.0084454 1.0000000
5800.0000000 50.1383429 1.0000000
5850.0000000 50.2686815 1.0000000
5900.0000000 50.3748153 1.0000000
5950.0000000 50.4595923 1.0000000
6000.0000000 50.5852614 1.0000000
6050.0000000 50.6851745 1.0000000
6100.0000000 50.7636900 1.0000000
6150.0000000 50.8806229 1.0000000
6200.0000000 50.9433249 1.0000000
6250.0000000 51.0232093 1.0000000
6300.0000000 51.1083423 1.0000000
6350.0000000 51.1729341 1.0000000
6400.0000000 51.2367297 1.0000000
6450.0000000 51.2843702 1.0000000
6500.0000000 51.3522395 1.0000000
6550.0000000 51.4566333 1.0000000
6600.0000000 51.5117054 1.0000000
6650.0000000 51.5918525 1.0000000
6700.0000000 51.6765477 1.0000000
6750.0000000 51.7796503 1.0000000
6800.0000000 51.8697891 1.0000000
6850.0000000 51.9468030 1.0000000
6900.0000000 52.0359570 1.0000000
6950.0000000 52.0928449 1.0000000
7000.0000000 52.1600050 1.0000000
7050.0000000 52.2373686 1.0000000
7100.0000000 52.2909138 1.0000000
7150.0000000 52.3220515 1.0000000
7200.0000000 52.4174959 1.0000000
7250.0000000 52.4949005 1.0000000
7300.0000000 52.5512996 1.0000000
7350.0000000 52.5663156 1.0000000
7400.0000000 52.6442530 1.0000000
7450.0000000 52.7258301 1.0000000
7500.0000000 52.7783510 1.0000000
7550.0000000 52.8499169 1.0000000
7600.0000000 52.8749100 1.0000000
7650.0000000 52.9309172 1.0000000
7700.0000000 52.9683535 1.0000000
7750.0000000 53.0124210 1.0000000
7800.0000000 53.0388930 1.0000000
7850.0000000 53.0638789 1.0000000
7900.0000000 53.1388820 1.0000000
7950.0000000 53.2132788 1.0000000
8000.0000000 53.2326817 1.0000000
8050.0000000 53.2539246 1.0000000
8100.0000000 53.2445865 1.0000000
8150.0000000 53.2581704 1.0000000
8200.0000000 53.2425851 1.0000000
8250.0000000 53.2647195 1.0000000
8300.0000000 53.2958789 1.0000000
8350.0000000 53.2650018 1.0000000
8400.0000000 53.2562129 1.0000000
8450.0000000 53.2768853 1.0000000
8500.0000000 53.3233376 1.0000000
8550.0000000 53.3246492 1.0000000
8600.0000000 53.3358364 1.0000000
8650.0000000 53.3790163 1.0000000
8700.0000000 53.3948615 1.0000000
8750.0000000 53.4177174 1.0000000
8800.0000000 53.4554963 1.0000000
8850.0000000 53.4845178 1.0000000
8900.0000000 53.4994260 1.0000000
8950.0000000 53.4940138 1.0000000
9000.0000000 53.5091576 1.0000000
9050.0000000 53.5303841 1.0000000
9100.0000000 53.5755237 1.0000000
9150.0000000 53.5898114 1.0000000
9200.0000000 53.5805327 1.0000000
9250.0000000 53.6034685 1.0000000
9300.0000000 53.6633978 1.0000000
9350.0000000 53.6944605 1.0000000
9400.0000000 53.7387170 1.0000000
9450.0000000 53.7918719 1.0000000
9500.0000000 53.7877828 1.0000000
9550.0000000 53.7750150 1.0000000
9600.0000000 53.8015806 1.0000000
9650.0000000 53.8513327 1.0000000
9700.0000000 53.8781271 1.0000000
9750.0000000 53.8783186 1.0000000
9800.0000000 53.8688119 1.0000000
9850.0000000 53.8484347 1.0000000
9900.0000000 53.8742248 1.0000000
9950.0000000 53.9229699 1.0000000
10000.0000000 53.9469272 1.0000000
