#data for Fig. 3(a)
#Parameters: J_perp = 100t, J_parallel = 0.

#tau: evolution time

#Delta_rms: root-mean-square of Delta = (x1 - x2)/2
#Delta_std: standard error on Delta_rms estimated from sampling 

#X_rms: root-mean-square of X = (x1 + x2)/2
#X_std: standard error on X_rms estimated from sampling

#corr(x1,x2): correlation coefficient of x1, x2. 
#std on corr(x1,x2) estimated from sampling.

tau 	 Delta_rms 	 Delta_std 	  	 X_rms	 	 X_std		     corr(x1,x2)  	 std on corr(x1,x2) 

0 	 0 	 0 	 0 	 0 	 0 	 0 
0.05 	 0.0467905 	 6.8925e-07 	 0.0468188 	 3.15748e-07 	 0.000605924 	 8.78304e-05 
0.1 	 0.0756512 	 1.19103e-05 	 0.0761951 	 5.91116e-06 	 0.00716411 	 0.000937186 
0.15 	 0.0758314 	 4.57454e-05 	 0.0778851 	 2.17889e-05 	 0.0267205 	 0.00333505 
0.2 	 0.0490366 	 0.000136249 	 0.0537866 	 4.10216e-05 	 0.0923163 	 0.0125802 
0.25 	 0.0213294 	 0.000382888 	 0.0312154 	 6.4187e-05 	 0.3671 	 0.0684246 
0.3 	 0.0521829 	 0.000135414 	 0.0573262 	 3.48902e-05 	 0.0938323 	 0.0125275 
0.35 	 0.0786571 	 9.47042e-05 	 0.0841943 	 6.86869e-05 	 0.0679347 	 0.00869134 
0.4 	 0.0791419 	 0.000188252 	 0.0886281 	 9.70493e-05 	 0.112787 	 0.0144335 
0.45 	 0.0577191 	 0.000448342 	 0.0731594 	 0.000102447 	 0.233501 	 0.03451 
0.5 	 0.041759 	 0.000740006 	 0.0621806 	 0.000123171 	 0.381786 	 0.0669366 
0.55 	 0.0626625 	 0.000414839 	 0.0786493 	 8.61651e-05 	 0.223987 	 0.0297978 
0.6 	 0.0841815 	 0.000264358 	 0.0998057 	 0.000160897 	 0.168694 	 0.0198315 
0.65 	 0.0848209 	 0.000398563 	 0.105804 	 0.000196593 	 0.217703 	 0.0265631 
0.7 	 0.0694146 	 0.000780923 	 0.0975853 	 0.000165041 	 0.329408 	 0.0474875 
0.75 	 0.060401 	 0.00104806 	 0.092744 	 0.00017487 	 0.40742 	 0.064237 
0.8 	 0.0748989 	 0.000708026 	 0.104315 	 0.000137774 	 0.320664 	 0.0396359 
0.85 	 0.0910938 	 0.000477014 	 0.120413 	 0.000240491 	 0.272203 	 0.0284471 
0.9 	 0.0916878 	 0.000630106 	 0.127086 	 0.000281258 	 0.315678 	 0.034671 
0.95 	 0.0813364 	 0.00106275 	 0.124004 	 0.000221448 	 0.399925 	 0.0518617 
1 	 0.0764403 	 0.00129031 	 0.122882 	 0.000220438 	 0.444611 	 0.0602123 
1.05 	 0.086589 	 0.000960322 	 0.131772 	 0.000184467 	 0.397997 	 0.0429853 
1.1 	 0.0981544 	 0.00069898 	 0.14421 	 0.000290352 	 0.367138 	 0.0329921 
1.15 	 0.0985037 	 0.000852262 	 0.15106 	 0.00033397 	 0.40376 	 0.0380836 
1.2 	 0.09177 	 0.00127685 	 0.151378 	 0.000267943 	 0.46398 	 0.0510386 
1.25 	 0.0892582 	 0.00146195 	 0.152644 	 0.000262867 	 0.492514 	 0.0550292 
1.3 	 0.0963754 	 0.00115991 	 0.160057 	 0.000228654 	 0.468956 	 0.0424676 
1.35 	 0.104312 	 0.000913594 	 0.170076 	 0.0003156 	 0.453779 	 0.0343878 
1.4 	 0.104265 	 0.00105486 	 0.176861 	 0.000358713 	 0.484744 	 0.0382047 
1.45 	 0.099797 	 0.00143247 	 0.179288 	 0.000307161 	 0.528198 	 0.0475474 
1.5 	 0.0985709 	 0.0015761 	 0.182064 	 0.000306424 	 0.54832 	 0.0493016 
1.55 	 0.103603 	 0.0013176 	 0.18869 	 0.000278126 	 0.53776 	 0.0401235 
1.6 	 0.108903 	 0.00111811 	 0.197211 	 0.00033906 	 0.533211 	 0.0341273 
1.65 	 0.108386 	 0.0012435 	 0.203823 	 0.000377645 	 0.559758 	 0.036815 
1.7 	 0.105133 	 0.00155758 	 0.20744 	 0.000348761 	 0.592381 	 0.0433224 
1.75 	 0.104519 	 0.00166524 	 0.211105 	 0.000355603 	 0.60759 	 0.0439756 
1.8 	 0.108198 	 0.00145814 	 0.217321 	 0.000339331 	 0.603653 	 0.0374266 
1.85 	 0.111728 	 0.00131764 	 0.224956 	 0.000384061 	 0.604902 	 0.0333384 
1.9 	 0.110754 	 0.00143132 	 0.231355 	 0.00041549 	 0.627793 	 0.035209 
1.95 	 0.108015 	 0.0016894 	 0.235553 	 0.000401937 	 0.653489 	 0.0397139 
2 	 0.10765 	 0.00177172 	 0.239678 	 0.000412923 	 0.665363 	 0.0398844 
2.05 	 0.11055 	 0.00161027 	 0.245664 	 0.000411286 	 0.664044 	 0.0352411 
2.1 	 0.113004 	 0.00152112 	 0.252778 	 0.000452582 	 0.667545 	 0.0325681 
2.15 	 0.11165 	 0.0016318 	 0.258965 	 0.00047744 	 0.687205 	 0.0339513 
2.2 	 0.10904 	 0.00185757 	 0.263384 	 0.0004675 	 0.708252 	 0.0372475 
2.25 	 0.108777 	 0.00192738 	 0.267697 	 0.000477566 	 0.717523 	 0.0372642 
2.3 	 0.111322 	 0.0017957 	 0.273528 	 0.000487325 	 0.716589 	 0.0338303 
2.35 	 0.113199 	 0.00174027 	 0.280324 	 0.000529052 	 0.72027 	 0.0320157 
2.4 	 0.111572 	 0.00185563 	 0.286323 	 0.000549428 	 0.737042 	 0.0331276 
2.45 	 0.108934 	 0.00207143 	 0.290786 	 0.000538373 	 0.754686 	 0.0357382 
2.5 	 0.108755 	 0.002138 	 0.295141 	 0.00054529 	 0.761773 	 0.0357411 
2.55 	 0.111225 	 0.00202186 	 0.300851 	 0.000559493 	 0.760263 	 0.0330597 
2.6 	 0.112835 	 0.00198503 	 0.307442 	 0.000597493 	 0.763259 	 0.0317308 
2.65 	 0.111024 	 0.0021075 	 0.313295 	 0.00061465 	 0.777546 	 0.0326415 
2.7 	 0.108323 	 0.00232161 	 0.317738 	 0.000604388 	 0.792529 	 0.0347494 
2.75 	 0.10826 	 0.00238675 	 0.322077 	 0.00060873 	 0.797783 	 0.0347497 
2.8 	 0.110813 	 0.00227898 	 0.327689 	 0.000620219 	 0.795485 	 0.0326087 
2.85 	 0.112313 	 0.00225211 	 0.33415 	 0.000647898 	 0.797654 	 0.0315777 
2.9 	 0.110364 	 0.00237932 	 0.33991 	 0.000661614 	 0.809939 	 0.0322783 
2.95 	 0.107593 	 0.00258885 	 0.344328 	 0.000655442 	 0.82283 	 0.0339014 
3 	 0.107673 	 0.00264772 	 0.348634 	 0.000658682 	 0.826604 	 0.0338428 
3.05 	 0.110393 	 0.00254181 	 0.354176 	 0.000662585 	 0.823596 	 0.032092 
3.1 	 0.111853 	 0.00251817 	 0.360568 	 0.000675001 	 0.825072 	 0.0312337 
3.15 	 0.109761 	 0.0026476 	 0.366288 	 0.000683895 	 0.83585 	 0.0317277 
3.2 	 0.106881 	 0.00285026 	 0.370689 	 0.000683204 	 0.847182 	 0.0329145 
3.25 	 0.107108 	 0.00289517 	 0.374959 	 0.000686657 	 0.849821 	 0.0327317 
3.3 	 0.11006 	 0.00277795 	 0.380457 	 0.000681248 	 0.846197 	 0.0311787 
3.35 	 0.111526 	 0.00274893 	 0.386837 	 0.000676513 	 0.847116 	 0.0303755 
3.4 	 0.109251 	 0.00288227 	 0.392561 	 0.000678746 	 0.856826 	 0.0307195 
3.45 	 0.106176 	 0.00308372 	 0.39695 	 0.000682721 	 0.867098 	 0.0316004 
3.5 	 0.106532 	 0.0031078 	 0.401172 	 0.000687569 	 0.868896 	 0.031258 
3.55 	 0.109794 	 0.00296052 	 0.406645 	 0.000673957 	 0.864686 	 0.0297085 
3.6 	 0.111319 	 0.00291706 	 0.41306 	 0.000652929 	 0.865108 	 0.0288747 
3.65 	 0.108802 	 0.00306054 	 0.418826 	 0.000647087 	 0.874097 	 0.0291579 
3.7 	 0.105415 	 0.00327242 	 0.423198 	 0.000654051 	 0.883728 	 0.0298845 
3.75 	 0.105871 	 0.0032716 	 0.427355 	 0.00066163 	 0.884922 	 0.0293866 
3.8 	 0.109531 	 0.00307766 	 0.432808 	 0.000642808 	 0.880127 	 0.0277255 
3.85 	 0.111177 	 0.00301442 	 0.439295 	 0.000608222 	 0.88007 	 0.0268388 
3.9 	 0.108354 	 0.00317556 	 0.445131 	 0.000594192 	 0.888584 	 0.0271379 
3.95 	 0.104535 	 0.00340801 	 0.449481 	 0.000603084 	 0.897874 	 0.0278092 
4 	 0.10506 	 0.00338148 	 0.45355 	 0.000614755 	 0.898645 	 0.0271897 
4.05 	 0.109192 	 0.00313416 	 0.458981 	 0.000594342 	 0.8933 	 0.025417 
4.1 	 0.111007 	 0.00305238 	 0.465558 	 0.000550007 	 0.892796 	 0.0245154 
4.15 	 0.107826 	 0.00323557 	 0.471485 	 0.000529509 	 0.900989 	 0.024863 
4.2 	 0.10348 	 0.00349117 	 0.475814 	 0.000540432 	 0.910102 	 0.0254987 
4.25 	 0.104046 	 0.00344067 	 0.47978 	 0.000556854 	 0.910584 	 0.0248043 
4.3 	 0.108687 	 0.00314563 	 0.485175 	 0.000537935 	 0.904788 	 0.0230074 
4.35 	 0.110692 	 0.00305237 	 0.491845 	 0.000488267 	 0.903903 	 0.0221583 
4.4 	 0.107116 	 0.00325688 	 0.497877 	 0.000464626 	 0.911846 	 0.0225425 
4.45 	 0.1022 	 0.00352992 	 0.502194 	 0.000478105 	 0.920817 	 0.0231083 
4.5 	 0.102787 	 0.00345849 	 0.506054 	 0.000498362 	 0.921101 	 0.0223823 
4.55 	 0.107925 	 0.00312963 	 0.511398 	 0.000482922 	 0.915014 	 0.0206726 
4.6 	 0.11011 	 0.00303434 	 0.518146 	 0.000432836 	 0.913843 	 0.0199368 
4.65 	 0.106138 	 0.003256 	 0.524288 	 0.00040996 	 0.921528 	 0.0203277 
4.7 	 0.100671 	 0.00353695 	 0.528612 	 0.000425459 	 0.930288 	 0.0207818 
4.75 	 0.101269 	 0.00344724 	 0.532374 	 0.000446984 	 0.930436 	 0.0200529 
4.8 	 0.106842 	 0.00309946 	 0.53765 	 0.000436126 	 0.924255 	 0.0185092 
4.85 	 0.109174 	 0.00301033 	 0.544451 	 0.000390702 	 0.9229 	 0.0179198 
4.9 	 0.104845 	 0.00324487 	 0.550701 	 0.000371713 	 0.93026 	 0.0182948 
4.95 	 0.0989102 	 0.00352511 	 0.555057 	 0.000387162 	 0.938675 	 0.0186182 
5 	 0.0995136 	 0.00341852 	 0.558742 	 0.000406967 	 0.938729 	 0.0178989 
5.05 	 0.105415 	 0.00306269 	 0.563935 	 0.000401218 	 0.932662 	 0.0165487 
5.1 	 0.107852 	 0.00298486 	 0.570757 	 0.000364456 	 0.931216 	 0.0161092 
5.15 	 0.103248 	 0.00322924 	 0.577107 	 0.000350953 	 0.938144 	 0.0164604 
5.2 	 0.096987 	 0.00350249 	 0.581522 	 0.000364325 	 0.946056 	 0.0166581 
5.25 	 0.0975917 	 0.00337978 	 0.585159 	 0.000380636 	 0.946049 	 0.015953 
5.3 	 0.103679 	 0.00302283 	 0.590261 	 0.000379585 	 0.940288 	 0.0147884 
5.35 	 0.106181 	 0.00295855 	 0.597069 	 0.000352796 	 0.938822 	 0.014484 
5.4 	 0.101432 	 0.00320988 	 0.603505 	 0.000345257 	 0.945194 	 0.0148113 
5.45 	 0.095034 	 0.00347108 	 0.608007 	 0.000356601 	 0.952448 	 0.0149028 
5.5 	 0.0956364 	 0.00333404 	 0.611625 	 0.000369379 	 0.952404 	 0.0142192 
5.55 	 0.101753 	 0.00298175 	 0.61663 	 0.000371063 	 0.947101 	 0.0132219 
5.6 	 0.104293 	 0.00293119 	 0.623389 	 0.00035259 	 0.945653 	 0.0130303 
5.65 	 0.0995757 	 0.00318566 	 0.629896 	 0.00035116 	 0.951349 	 0.013338 
5.7 	 0.0932672 	 0.00343041 	 0.634502 	 0.000362641 	 0.957815 	 0.0133523 
5.75 	 0.0938748 	 0.00328255 	 0.638126 	 0.000372791 	 0.957742 	 0.0127024 
5.8 	 0.0998712 	 0.00294068 	 0.643031 	 0.000374094 	 0.952985 	 0.0118523 
5.85 	 0.102447 	 0.00290222 	 0.649708 	 0.000360817 	 0.951566 	 0.0117488 
5.9 	 0.097966 	 0.00315531 	 0.656264 	 0.000365607 	 0.956493 	 0.012046 
5.95 	 0.0919965 	 0.00338047 	 0.66098 	 0.000379738 	 0.962086 	 0.0120192 
6 	 0.0926379 	 0.00322527 	 0.664626 	 0.000388097 	 0.961972 	 0.011412 
6.05 	 0.0983971 	 0.00289765 	 0.669426 	 0.000386195 	 0.957779 	 0.0106814 
6.1 	 0.101015 	 0.00286801 	 0.675998 	 0.000375501 	 0.956387 	 0.0106392 
6.15 	 0.0969649 	 0.00311526 	 0.682575 	 0.000386488 	 0.960512 	 0.0109377 
6.2 	 0.0915639 	 0.00331911 	 0.687391 	 0.00040454 	 0.965208 	 0.0109055 
6.25 	 0.0922868 	 0.00315713 	 0.691064 	 0.000411348 	 0.965029 	 0.0103367 
6.3 	 0.0977301 	 0.00284383 	 0.695762 	 0.00040492 	 0.961365 	 0.00968721 
6.35 	 0.100378 	 0.00281948 	 0.702214 	 0.000395863 	 0.960011 	 0.00968067 
6.4 	 0.096872 	 0.00305767 	 0.708784 	 0.000412796 	 0.963388 	 0.00999012 
6.45 	 0.0921848 	 0.00323888 	 0.713676 	 0.000434307 	 0.967243 	 0.00997402 
6.5 	 0.0930383 	 0.00306731 	 0.717374 	 0.000439109 	 0.966976 	 0.00942742 
6.55 	 0.0981225 	 0.00276612 	 0.721982 	 0.000428557 	 0.96378 	 0.00882116 
6.6 	 0.10073 	 0.00274633 	 0.728315 	 0.000421898 	 0.96251 	 0.00883275 
6.65 	 0.0977362 	 0.00297467 	 0.734852 	 0.000444146 	 0.965288 	 0.00915542 
6.7 	 0.0937702 	 0.00313146 	 0.739786 	 0.000467285 	 0.968429 	 0.00915565 
6.75 	 0.0947877 	 0.00294725 	 0.743506 	 0.000469181 	 0.968063 	 0.00861518 
6.8 	 0.0994985 	 0.0026578 	 0.74805 	 0.000456121 	 0.965274 	 0.00803155 
6.85 	 0.101927 	 0.00264598 	 0.754281 	 0.000453399 	 0.964175 	 0.00805525 
6.9 	 0.0992519 	 0.00286521 	 0.760761 	 0.000479649 	 0.966571 	 0.00838146 
6.95 	 0.0958783 	 0.00299498 	 0.765702 	 0.000502006 	 0.96917 	 0.00837917 
7 	 0.097079 	 0.00279852 	 0.769441 	 0.00050035 	 0.968702 	 0.00784167 
7.05 	 0.10143 	 0.00252493 	 0.773958 	 0.000486916 	 0.966264 	 0.00728568 
7.1 	 0.103494 	 0.00252644 	 0.780114 	 0.000489087 	 0.965441 	 0.00732224 
7.15 	 0.100841 	 0.00273592 	 0.786518 	 0.00051714 	 0.967689 	 0.00762917 
7.2 	 0.0978587 	 0.00283586 	 0.791432 	 0.000536675 	 0.969918 	 0.00759875 
7.25 	 0.0992669 	 0.00263206 	 0.795192 	 0.000531957 	 0.969342 	 0.00707778 
7.3 	 0.103297 	 0.00238193 	 0.799722 	 0.000520318 	 0.967206 	 0.00657302 
7.35 	 0.104815 	 0.00240038 	 0.805829 	 0.000526921 	 0.966752 	 0.00662208 
7.4 	 0.101874 	 0.00259776 	 0.812141 	 0.00055394 	 0.969044 	 0.0068833 
7.45 	 0.0990923 	 0.00266759 	 0.816999 	 0.00056968 	 0.971032 	 0.00680994 
7.5 	 0.100756 	 0.00246431 	 0.820785 	 0.000563984 	 0.970333 	 0.00632962 
7.55 	 0.104528 	 0.00224431 	 0.825362 	 0.000556179 	 0.968449 	 0.00590043 
7.6 	 0.105359 	 0.00227971 	 0.83144 	 0.00056548 	 0.968413 	 0.00595675 
7.65 	 0.101889 	 0.00246473 	 0.837645 	 0.00058862 	 0.970861 	 0.00615922 
7.7 	 0.0991881 	 0.00251045 	 0.842428 	 0.000600813 	 0.972673 	 0.00605128 
7.75 	 0.101182 	 0.00231473 	 0.846247 	 0.000597403 	 0.971829 	 0.00563316 
7.8 	 0.104763 	 0.00212559 	 0.850892 	 0.000595165 	 0.97015 	 0.00528709 
7.85 	 0.104833 	 0.00217478 	 0.856949 	 0.000604908 	 0.970526 	 0.00534185 
7.9 	 0.100714 	 0.0023529 	 0.863035 	 0.00062196 	 0.973145 	 0.00549477 
7.95 	 0.0980735 	 0.00238671 	 0.867736 	 0.000631734 	 0.974789 	 0.00537942 
8 	 0.100477 	 0.00220037 	 0.871596 	 0.000633931 	 0.973783 	 0.00502958 
8.05 	 0.103928 	 0.00203505 	 0.876316 	 0.000638282 	 0.972272 	 0.00475267 
8.1 	 0.103239 	 0.00209384 	 0.882345 	 0.000646408 	 0.973001 	 0.00479824 
8.15 	 0.0984974 	 0.00227397 	 0.888306 	 0.000656275 	 0.975721 	 0.00492291 
8.2 	 0.0959951 	 0.00230729 	 0.892933 	 0.00066512 	 0.977161 	 0.00482527 
8.25 	 0.0988665 	 0.00212517 	 0.896843 	 0.000675041 	 0.975997 	 0.00453144 
8.3 	 0.102216 	 0.00197365 	 0.90163 	 0.000685812 	 0.974631 	 0.00430156 
8.35 	 0.100856 	 0.00203954 	 0.907611 	 0.000690963 	 0.975613 	 0.004337 
8.4 	 0.0956764 	 0.00222594 	 0.913447 	 0.00069394 	 0.978306 	 0.00444725 
8.45 	 0.093469 	 0.0022593 	 0.918022 	 0.000703262 	 0.979489 	 0.00436997 
8.5 	 0.0968076 	 0.00207343 	 0.921992 	 0.000721023 	 0.9782 	 0.0041124 
8.55 	 0.100043 	 0.00193122 	 0.926824 	 0.00073674 	 0.976972 	 0.00391776 
8.6 	 0.0981852 	 0.00200509 	 0.932734 	 0.000738581 	 0.978087 	 0.00395125 
8.65 	 0.0929006 	 0.00219084 	 0.938452 	 0.000736401 	 0.980598 	 0.00404521 
8.7 	 0.0911882 	 0.00221075 	 0.943002 	 0.00074722 	 0.981479 	 0.00396886 
8.75 	 0.094905 	 0.00201792 	 0.947039 	 0.000770923 	 0.980121 	 0.00373371 
8.8 	 0.0979683 	 0.0018901 	 0.951888 	 0.000789247 	 0.979042 	 0.00357738 
8.85 	 0.0958544 	 0.00197541 	 0.957702 	 0.000788616 	 0.980168 	 0.00362346 
8.9 	 0.0908991 	 0.00214557 	 0.963315 	 0.000784119 	 0.982354 	 0.00369438 
8.95 	 0.089862 	 0.00213346 	 0.967871 	 0.000796891 	 0.982912 	 0.00359579 
9 	 0.0937662 	 0.00193914 	 0.971977 	 0.000823322 	 0.981563 	 0.0033789 
9.05 	 0.0965586 	 0.00183622 	 0.976814 	 0.000841814 	 0.980649 	 0.00326894 
9.1 	 0.0944578 	 0.00193681 	 0.982512 	 0.000840557 	 0.981686 	 0.00334239 
9.15 	 0.0902611 	 0.00207947 	 0.988039 	 0.000837018 	 0.98345 	 0.00339306 
9.2 	 0.0899802 	 0.00202619 	 0.992628 	 0.000851557 	 0.983703 	 0.00326299 
9.25 	 0.0938027 	 0.00184074 	 0.996799 	 0.000877185 	 0.982446 	 0.00306461 
9.3 	 0.0962093 	 0.00177028 	 1.0016 	 0.000893971 	 0.981716 	 0.00300196 
9.35 	 0.094348 	 0.00188756 	 1.00717 	 0.0008944 	 0.982602 	 0.00311056 
9.4 	 0.0911939 	 0.00200244 	 1.01263 	 0.000894744 	 0.983911 	 0.00315538 
9.45 	 0.0915968 	 0.00191546 	 1.01728 	 0.000910328 	 0.983916 	 0.00300284 
9.5 	 0.0950573 	 0.00174609 	 1.0215 	 0.000932151 	 0.982829 	 0.00282039 
9.55 	 0.096985 	 0.00170643 	 1.02624 	 0.000946179 	 0.982294 	 0.00279366 
9.6 	 0.0954827 	 0.00183659 	 1.0317 	 0.00095035 	 0.983013 	 0.00293245 
9.65 	 0.0934116 	 0.00193205 	 1.03712 	 0.000956546 	 0.983905 	 0.00298602 
9.7 	 0.0942854 	 0.00182895 	 1.04182 	 0.000972229 	 0.983751 	 0.00282881 
9.75 	 0.0971742 	 0.00167592 	 1.04608 	 0.000988302 	 0.982887 	 0.00265496 
9.8 	 0.0985911 	 0.00165771 	 1.05075 	 0.000999234 	 0.982543 	 0.00264564 
9.85 	 0.0974419 	 0.00179133 	 1.0561 	 0.00100835 	 0.983115 	 0.00279761 
9.9 	 0.0962576 	 0.00187472 	 1.0615 	 0.00102117 	 0.983685 	 0.00286289 
9.95 	 0.0973209 	 0.00177111 	 1.06626 	 0.00103622 	 0.983473 	 0.00271435 
10 	 0.0995532 	 0.00163193 	 1.07054 	 0.00104592 	 0.982849 	 0.00254356 
11 	 0.103235 	 0.00160042 	 1.16673 	 0.00130955 	 0.984459 	 0.00219267 
12 	 0.100313 	 0.00173035 	 1.25947 	 0.00166101 	 0.987388 	 0.00197425 
13 	 0.0979054 	 0.00203725 	 1.34956 	 0.00206674 	 0.989526 	 0.00195729 
14 	 0.101094 	 0.00194838 	 1.43712 	 0.00255358 	 0.990151 	 0.00168699 
15 	 0.100181 	 0.00185204 	 1.52223 	 0.00313455 	 0.991376 	 0.00139673 
16 	 0.102041 	 0.00185474 	 1.60443 	 0.00380819 	 0.991943 	 0.00128824 
17 	 0.103976 	 0.00187604 	 1.68351 	 0.00458409 	 0.992395 	 0.00123634 
18 	 0.0983681 	 0.00233244 	 1.76007 	 0.0054691 	 0.993763 	 0.00135493 
19 	 0.0992403 	 0.00239282 	 1.83387 	 0.00647079 	 0.994152 	 0.00128959 
20 	 0.0995144 	 0.00225675 	 1.90515 	 0.00755767 	 0.994561 	 0.00107157 
21 	 0.101763 	 0.00237815 	 1.97374 	 0.00871874 	 0.994701 	 0.00106043 
22 	 0.100334 	 0.00236251 	 2.04013 	 0.00994694 	 0.995172 	 0.000991938 
23 	 0.102885 	 0.0019764 	 2.10394 	 0.0112474 	 0.995224 	 0.000805914 
24 	 0.101365 	 0.0019385 	 2.16527 	 0.0126136 	 0.995621 	 0.000735112 
25 	 0.0972853 	 0.00223058 	 2.22446 	 0.0140233 	 0.996176 	 0.000781919 
26 	 0.0986171 	 0.00208017 	 2.28157 	 0.0154481 	 0.996262 	 0.000721397 
27 	 0.101938 	 0.00183595 	 2.33695 	 0.0168802 	 0.996191 	 0.000636755 
28 	 0.104946 	 0.00199926 	 2.39038 	 0.0183071 	 0.996139 	 0.000681404 
29 	 0.105231 	 0.00199793 	 2.44182 	 0.0197025 	 0.996281 	 0.000637832 
30 	 0.103627 	 0.00200942 	 2.49144 	 0.0210551 	 0.996531 	 0.000635134 
31 	 0.0963618 	 0.00235223 	 2.5396 	 0.0223601 	 0.997103 	 0.000705658 
32 	 0.0993293 	 0.00219583 	 2.58628 	 0.0235933 	 0.99703 	 0.000668932 
33 	 0.106691 	 0.00190067 	 2.63159 	 0.0247418 	 0.996697 	 0.000587074 
34 	 0.104774 	 0.00187977 	 2.67536 	 0.0258 	 0.996923 	 0.000507747 
35 	 0.0978891 	 0.0018746 	 2.7178 	 0.0267379 	 0.997403 	 0.00041972 
36 	 0.101094 	 0.00162405 	 2.75916 	 0.0275536 	 0.997304 	 0.000420295 
37 	 0.10264 	 0.00186219 	 2.79933 	 0.0282454 	 0.997293 	 0.000515005 
38 	 0.100741 	 0.00200059 	 2.83837 	 0.0288046 	 0.997465 	 0.000500034 
39 	 0.105882 	 0.00203989 	 2.87624 	 0.029251 	 0.997273 	 0.000525115 
40 	 0.102078 	 0.00219258 	 2.91318 	 0.0295809 	 0.997531 	 0.000515197 
41 	 0.0995958 	 0.00220312 	 2.94919 	 0.0297981 	 0.997709 	 0.0004726 
42 	 0.10515 	 0.00205068 	 2.98432 	 0.0299155 	 0.997507 	 0.000452654 
43 	 0.105527 	 0.00197979 	 3.01842 	 0.0299492 	 0.997542 	 0.000456359 
44 	 0.0993004 	 0.00203627 	 3.05166 	 0.0299206 	 0.997871 	 0.000428883 
45 	 0.102753 	 0.00183453 	 3.08408 	 0.0298588 	 0.997768 	 0.000408515 
46 	 0.103728 	 0.00179354 	 3.11566 	 0.0297858 	 0.997774 	 0.000375326 
47 	 0.10093 	 0.00195666 	 3.14656 	 0.0297195 	 0.997938 	 0.000347867 
48 	 0.106836 	 0.00199348 	 3.17666 	 0.0296829 	 0.997729 	 0.000396159 
49 	 0.103505 	 0.0021058 	 3.20603 	 0.0297052 	 0.997903 	 0.000420482 
50 	 0.0970737 	 0.00246338 	 3.23465 	 0.0298115 	 0.998188 	 0.000440265 
51 	 0.101369 	 0.00236047 	 3.26273 	 0.0300121 	 0.998059 	 0.000439551 
52 	 0.108798 	 0.00193161 	 3.29018 	 0.0303197 	 0.997802 	 0.000395812 
53 	 0.104483 	 0.00212173 	 3.31716 	 0.0307408 	 0.998011 	 0.000367376 
54 	 0.10575 	 0.00199018 	 3.34353 	 0.0312761 	 0.997991 	 0.000361782 
55 	 0.104415 	 0.00177383 	 3.36939 	 0.0319168 	 0.998069 	 0.000331802 
56 	 0.0957555 	 0.00210692 	 3.39494 	 0.032656 	 0.998404 	 0.000320055 
57 	 0.0973108 	 0.00209705 	 3.42021 	 0.0334746 	 0.998374 	 0.000322055 
58 	 0.103634 	 0.00211931 	 3.4454 	 0.0343593 	 0.99818 	 0.000354755 
59 	 0.105387 	 0.00225163 	 3.47028 	 0.035297 	 0.998146 	 0.000373596 
60 	 0.103581 	 0.00213018 	 3.49501 	 0.0362563 	 0.998234 	 0.000346684 
61 	 0.104317 	 0.00220513 	 3.51958 	 0.0372261 	 0.998234 	 0.000351228 
62 	 0.0986842 	 0.00244961 	 3.5442 	 0.0381939 	 0.998442 	 0.000356674 
63 	 0.0997311 	 0.00223321 	 3.56889 	 0.0391333 	 0.998428 	 0.000343015 
64 	 0.106743 	 0.00199075 	 3.59366 	 0.0400354 	 0.998221 	 0.000342875 
65 	 0.105177 	 0.00203084 	 3.61854 	 0.0409 	 0.998298 	 0.000328413 
66 	 0.100954 	 0.00221065 	 3.64354 	 0.0417035 	 0.998457 	 0.000311158 
67 	 0.104183 	 0.00207893 	 3.66874 	 0.0424353 	 0.998381 	 0.000289524 
68 	 0.105001 	 0.00194515 	 3.69416 	 0.043092 	 0.998375 	 0.00028236 
69 	 0.101057 	 0.00193158 	 3.71983 	 0.0436768 	 0.998513 	 0.000285954 
70 	 0.102603 	 0.00198013 	 3.74559 	 0.0441818 	 0.998489 	 0.000287859 
71 	 0.101368 	 0.00199616 	 3.77157 	 0.0446128 	 0.998548 	 0.000266871 
72 	 0.102201 	 0.00194147 	 3.79777 	 0.0449736 	 0.998546 	 0.000247018 
73 	 0.10771 	 0.00198623 	 3.82417 	 0.0452537 	 0.998407 	 0.000263482 
74 	 0.109077 	 0.00202998 	 3.85061 	 0.0454694 	 0.998384 	 0.000293076 
75 	 0.102632 	 0.00216652 	 3.87705 	 0.0456339 	 0.998589 	 0.000289744 
76 	 0.101411 	 0.00222437 	 3.90348 	 0.0457473 	 0.998643 	 0.000273651 
77 	 0.104028 	 0.00202977 	 3.92992 	 0.0458177 	 0.998592 	 0.000249153 
78 	 0.10265 	 0.00180755 	 3.95632 	 0.0458576 	 0.99865 	 0.000199477 
79 	 0.104534 	 0.00189955 	 3.98248 	 0.0458701 	 0.998619 	 0.000208238 
80 	 0.104263 	 0.00170468 	 4.00839 	 0.0458654 	 0.998639 	 0.000213783 
81 	 0.100951 	 0.0018613 	 4.03404 	 0.0458597 	 0.99874 	 0.000222713 
82 	 0.0998816 	 0.00187705 	 4.05948 	 0.0458482 	 0.998783 	 0.000212015 
83 	 0.105575 	 0.001623 	 4.08454 	 0.0458348 	 0.998657 	 0.000195995 
84 	 0.104429 	 0.00193107 	 4.10917 	 0.0458329 	 0.998705 	 0.000204787 
85 	 0.101569 	 0.00204132 	 4.13338 	 0.0458475 	 0.998789 	 0.00021011 
86 	 0.10314 	 0.00207334 	 4.15718 	 0.0458729 	 0.998764 	 0.000222571 
87 	 0.10212 	 0.00203636 	 4.18059 	 0.0459207 	 0.998801 	 0.000214592 
88 	 0.101483 	 0.00187902 	 4.20356 	 0.0459857 	 0.99883 	 0.00018977 
89 	 0.105663 	 0.00178765 	 4.22613 	 0.0460666 	 0.998745 	 0.000191641 
90 	 0.106342 	 0.00191067 	 4.24826 	 0.0461672 	 0.998743 	 0.000198016 
91 	 0.101121 	 0.00205123 	 4.27011 	 0.0462828 	 0.998874 	 0.000205663 
92 	 0.105103 	 0.001905 	 4.29162 	 0.0464106 	 0.998794 	 0.000211073 
93 	 0.105985 	 0.00204836 	 4.31286 	 0.0465497 	 0.998785 	 0.000226407 
94 	 0.102977 	 0.00202352 	 4.33383 	 0.0467026 	 0.998864 	 0.00021516 
95 	 0.104956 	 0.00186836 	 4.35461 	 0.0468589 	 0.998832 	 0.000197605 
96 	 0.106046 	 0.00194355 	 4.37525 	 0.0470181 	 0.998821 	 0.000193316 
97 	 0.102934 	 0.00218685 	 4.39575 	 0.0471771 	 0.998901 	 0.0001967 
98 	 0.104565 	 0.00208047 	 4.41615 	 0.0473303 	 0.998876 	 0.000192275 
99 	 0.109082 	 0.0019412 	 4.43643 	 0.0474756 	 0.998786 	 0.000196443 
100 	 0.104033 	 0.00196506 	 4.45661 	 0.047611 	 0.998905 	 0.000192634 
101 	 0.101051 	 0.00185074 	 4.47668 	 0.047737 	 0.998975 	 0.000182926 
102 	 0.102485 	 0.00171528 	 4.49666 	 0.0478607 	 0.998954 	 0.000177318 
103 	 0.102749 	 0.0019936 	 4.51653 	 0.0479846 	 0.998961 	 0.000183133 
104 	 0.104791 	 0.00198746 	 4.53633 	 0.0481017 	 0.998931 	 0.000171387 
105 	 0.106805 	 0.00178464 	 4.55596 	 0.0482143 	 0.998898 	 0.000161042 
106 	 0.100738 	 0.00213346 	 4.57545 	 0.0483295 	 0.999027 	 0.000187916 
107 	 0.097993 	 0.00214231 	 4.59479 	 0.0484539 	 0.999086 	 0.000185783 
108 	 0.105061 	 0.00173268 	 4.61396 	 0.0485892 	 0.998959 	 0.000156502 
109 	 0.10629 	 0.00196511 	 4.63297 	 0.0487417 	 0.998945 	 0.000169696 
110 	 0.104768 	 0.00221139 	 4.65183 	 0.04891 	 0.998982 	 0.000193359 
111 	 0.105386 	 0.00219262 	 4.67055 	 0.0490944 	 0.998977 	 0.000198313 
112 	 0.10428 	 0.00223589 	 4.68907 	 0.0493057 	 0.999007 	 0.000197819 
113 	 0.101497 	 0.00211389 	 4.70747 	 0.0495407 	 0.999067 	 0.000174609 
114 	 0.105812 	 0.00185677 	 4.72573 	 0.0497911 	 0.998993 	 0.000159271 
115 	 0.106624 	 0.00188226 	 4.7438 	 0.050064 	 0.998986 	 0.000163005 
116 	 0.103092 	 0.00189554 	 4.76175 	 0.0503607 	 0.999059 	 0.00015712 
117 	 0.104094 	 0.0018141 	 4.7795 	 0.0506764 	 0.999048 	 0.000147627 
118 	 0.103761 	 0.0018442 	 4.79706 	 0.0510051 	 0.999061 	 0.000147262 
119 	 0.102184 	 0.00189448 	 4.81447 	 0.0513439 	 0.999095 	 0.000156715 
120 	 0.104811 	 0.0018065 	 4.8317 	 0.0516885 	 0.999053 	 0.000163797 
121 	 0.105821 	 0.00187696 	 4.84867 	 0.0520388 	 0.999043 	 0.000159864 
122 	 0.102383 	 0.00211062 	 4.86539 	 0.0523882 	 0.999112 	 0.000158767 
123 	 0.105018 	 0.00209534 	 4.88188 	 0.0527272 	 0.999072 	 0.000162688 
124 	 0.106182 	 0.00190713 	 4.89816 	 0.0530583 	 0.999056 	 0.000159853 
125 	 0.101421 	 0.00177747 	 4.91419 	 0.053377 	 0.999143 	 0.000145365 
126 	 0.101122 	 0.00191947 	 4.92996 	 0.0536794 	 0.999155 	 0.000153819 
127 	 0.104557 	 0.00198232 	 4.94551 	 0.0539592 	 0.999101 	 0.000167074 
128 	 0.10348 	 0.00214903 	 4.96087 	 0.0542183 	 0.999125 	 0.000174311 
129 	 0.104779 	 0.00236408 	 4.97608 	 0.054451 	 0.999108 	 0.000192807 
130 	 0.10916 	 0.00228769 	 4.99108 	 0.0546492 	 0.999038 	 0.000194125 
131 	 0.10468 	 0.00230697 	 5.00589 	 0.0548195 	 0.99912 	 0.000187842 
132 	 0.1016 	 0.00204506 	 5.0206 	 0.0549594 	 0.999176 	 0.000164791 
133 	 0.103851 	 0.00165346 	 5.03526 	 0.0550691 	 0.999145 	 0.000135778 
134 	 0.104535 	 0.00158907 	 5.04982 	 0.0551497 	 0.99914 	 0.000119721 
135 	 0.103537 	 0.00171662 	 5.06432 	 0.0551957 	 0.999162 	 0.000115677 
136 	 0.106057 	 0.00180011 	 5.07873 	 0.0552076 	 0.999125 	 0.00013445 
137 	 0.104572 	 0.00212054 	 5.09315 	 0.0551911 	 0.999152 	 0.00016357 
138 	 0.101991 	 0.00219232 	 5.10758 	 0.0551546 	 0.999198 	 0.000169268 
139 	 0.10662 	 0.00211597 	 5.122 	 0.0550921 	 0.999128 	 0.000173826 
140 	 0.106944 	 0.00215284 	 5.13638 	 0.0550137 	 0.999129 	 0.000168263 
141 	 0.103031 	 0.00208595 	 5.15076 	 0.0549202 	 0.999197 	 0.000150001 
142 	 0.102981 	 0.00191308 	 5.16518 	 0.0548112 	 0.999202 	 0.000141106 
143 	 0.10594 	 0.00209911 	 5.17957 	 0.0547009 	 0.99916 	 0.00015821 
144 	 0.103292 	 0.00226477 	 5.19401 	 0.0545874 	 0.999207 	 0.000158492 
145 	 0.104559 	 0.00214088 	 5.20843 	 0.0544687 	 0.999191 	 0.000153462 
146 	 0.105857 	 0.00201158 	 5.22283 	 0.0543544 	 0.999175 	 0.00014944 
147 	 0.101206 	 0.0022203 	 5.23723 	 0.0542497 	 0.999251 	 0.000154605 
148 	 0.102161 	 0.00231518 	 5.25164 	 0.0541561 	 0.999241 	 0.000161672 
149 	 0.107703 	 0.00232451 	 5.26605 	 0.0540711 	 0.99916 	 0.000172561 
150 	 0.106511 	 0.00223792 	 5.28045 	 0.0539984 	 0.999183 	 0.000159366 
151 	 0.104224 	 0.00221224 	 5.29482 	 0.053937 	 0.999222 	 0.000156288 
152 	 0.107313 	 0.00203565 	 5.30914 	 0.0538848 	 0.999179 	 0.000148832 
153 	 0.104471 	 0.00197262 	 5.32346 	 0.0538451 	 0.999227 	 0.000133568 
154 	 0.102741 	 0.00201105 	 5.33775 	 0.0538147 	 0.999256 	 0.000136888 
155 	 0.106271 	 0.00181612 	 5.352 	 0.0537944 	 0.999208 	 0.000134482 
156 	 0.103664 	 0.00195978 	 5.36617 	 0.0537899 	 0.99925 	 0.000140552 
157 	 0.10012 	 0.00212472 	 5.3803 	 0.0537969 	 0.999305 	 0.000140812 
158 	 0.104522 	 0.00198985 	 5.39438 	 0.0538123 	 0.999247 	 0.000132445 
159 	 0.10768 	 0.00206651 	 5.40839 	 0.0538399 	 0.999205 	 0.000139067 
160 	 0.105728 	 0.00216419 	 5.42232 	 0.053878 	 0.999238 	 0.000139829 
161 	 0.10638 	 0.00193381 	 5.43612 	 0.0539297 	 0.999233 	 0.000119855 
162 	 0.103602 	 0.00204579 	 5.44986 	 0.0539978 	 0.999276 	 0.00012282 
163 	 0.101011 	 0.00235976 	 5.46351 	 0.0540848 	 0.999315 	 0.000146126 
164 	 0.104158 	 0.00218798 	 5.47709 	 0.0541915 	 0.999273 	 0.000149841 
165 	 0.10547 	 0.00210977 	 5.49053 	 0.0543178 	 0.999258 	 0.000146335 
166 	 0.102749 	 0.00227214 	 5.50395 	 0.0544654 	 0.999301 	 0.000144101 
167 	 0.10467 	 0.00209476 	 5.51735 	 0.054635 	 0.999278 	 0.000132679 
168 	 0.106782 	 0.0020195 	 5.53072 	 0.0548222 	 0.999252 	 0.00012983 
169 	 0.103633 	 0.00221328 	 5.54405 	 0.0550244 	 0.999299 	 0.000140577 
170 	 0.104523 	 0.00198847 	 5.55734 	 0.0552397 	 0.999289 	 0.000129573 
171 	 0.105509 	 0.00182784 	 5.57061 	 0.0554643 	 0.99928 	 0.000117202 
172 	 0.102494 	 0.00209163 	 5.58386 	 0.0556923 	 0.999324 	 0.000125693 
173 	 0.101914 	 0.00198953 	 5.59714 	 0.0559182 	 0.999334 	 0.000122537 
174 	 0.107146 	 0.00201599 	 5.6103 	 0.0561391 	 0.999268 	 0.000130634 
175 	 0.105121 	 0.00232877 	 5.62344 	 0.0563503 	 0.999299 	 0.000141831 
176 	 0.104085 	 0.00233779 	 5.6365 	 0.0565435 	 0.999315 	 0.000144112 
177 	 0.107685 	 0.00212036 	 5.64947 	 0.0567148 	 0.99927 	 0.000135976 
178 	 0.105506 	 0.00215631 	 5.66231 	 0.0568676 	 0.999303 	 0.000132505 
179 	 0.10236 	 0.00202666 	 5.67503 	 0.0569996 	 0.999347 	 0.000118384 
180 	 0.104417 	 0.00183462 	 5.68763 	 0.0571021 	 0.999324 	 0.000108731 
181 	 0.105175 	 0.00191078 	 5.70008 	 0.0571795 	 0.999317 	 0.000115101 
182 	 0.101759 	 0.00200634 	 5.71241 	 0.0572358 	 0.999363 	 0.000118035 
183 	 0.104726 	 0.00197823 	 5.72454 	 0.05727 	 0.999329 	 0.000114516 
184 	 0.105589 	 0.00206596 	 5.73655 	 0.0572909 	 0.999321 	 0.000116737 
185 	 0.10381 	 0.00205871 	 5.74838 	 0.057298 	 0.999346 	 0.000119383 
186 	 0.105714 	 0.00200787 	 5.76005 	 0.0572914 	 0.999323 	 0.000125244 
187 	 0.105436 	 0.00225806 	 5.77151 	 0.0572814 	 0.999329 	 0.000139912 
188 	 0.102617 	 0.00216658 	 5.78279 	 0.0572743 	 0.999367 	 0.000127908 
189 	 0.103441 	 0.00223644 	 5.79392 	 0.0572694 	 0.99936 	 0.000131677 
190 	 0.106066 	 0.00226376 	 5.8048 	 0.0572734 	 0.99933 	 0.000131852 
191 	 0.103232 	 0.00209544 	 5.81551 	 0.0572918 	 0.999368 	 0.000113149 
192 	 0.104216 	 0.00201495 	 5.82601 	 0.0573224 	 0.999359 	 0.000105288 
193 	 0.104887 	 0.00193594 	 5.83632 	 0.0573697 	 0.999353 	 0.000103862 
194 	 0.1039 	 0.0020304 	 5.84639 	 0.0574374 	 0.999367 	 0.000109832 
195 	 0.104658 	 0.0020022 	 5.8563 	 0.0575275 	 0.999359 	 0.000111442 
196 	 0.105581 	 0.00205989 	 5.86599 	 0.0576455 	 0.99935 	 0.000118612 
197 	 0.102866 	 0.00216549 	 5.87551 	 0.0577929 	 0.999385 	 0.000121529 
198 	 0.100878 	 0.00220757 	 5.88492 	 0.0579668 	 0.999409 	 0.00012565 
199 	 0.104858 	 0.00208991 	 5.89417 	 0.0581696 	 0.999364 	 0.000125591 
200 	 0.103861 	 0.00222219 	 5.90337 	 0.058402 	 0.999378 	 0.000128572 


201 	 0.104622 	 0.00223178 	 5.91253 	 0.0586605 	 0.999371 	 0.000128953 
202 	 0.106124 	 0.00202962 	 5.92167 	 0.0589416 	 0.999355 	 0.000117681 
203 	 0.104611 	 0.00220607 	 5.93075 	 0.0592434 	 0.999376 	 0.000120815 
204 	 0.102297 	 0.00225669 	 5.9399 	 0.0595587 	 0.999405 	 0.000120989 
205 	 0.106078 	 0.00207431 	 5.94912 	 0.0598828 	 0.999361 	 0.000118768 
206 	 0.105701 	 0.00192384 	 5.95845 	 0.0602139 	 0.999368 	 0.000109933 
207 	 0.101112 	 0.00198577 	 5.96783 	 0.0605436 	 0.999423 	 0.000108278 
208 	 0.104905 	 0.00181942 	 5.97728 	 0.0608716 	 0.999381 	 0.000103915 
209 	 0.106277 	 0.00198035 	 5.98687 	 0.0611955 	 0.999366 	 0.000118092 
210 	 0.103516 	 0.00244605 	 5.9966 	 0.061509 	 0.9994 	 0.000142199 
211 	 0.105008 	 0.00251716 	 6.00646 	 0.0618119 	 0.999384 	 0.000148181 
212 	 0.106515 	 0.00248 	 6.01639 	 0.0621075 	 0.999369 	 0.000144545 
213 	 0.101535 	 0.00244327 	 6.02646 	 0.0623904 	 0.999429 	 0.000131507 
214 	 0.103852 	 0.00224968 	 6.03664 	 0.0626601 	 0.999405 	 0.000127078 
215 	 0.107153 	 0.00217038 	 6.04692 	 0.0629174 	 0.999368 	 0.00012676 
216 	 0.103485 	 0.0021573 	 6.05724 	 0.0631683 	 0.999413 	 0.000119281 
217 	 0.10328 	 0.00193157 	 6.06765 	 0.0634114 	 0.999417 	 0.000106927 
218 	 0.104606 	 0.00201907 	 6.07815 	 0.063647 	 0.999404 	 0.000111757 
219 	 0.10305 	 0.00225969 	 6.08871 	 0.0638797 	 0.999424 	 0.000119237 
220 	 0.102915 	 0.00231819 	 6.09935 	 0.0641149 	 0.999427 	 0.000125464 
221 	 0.107776 	 0.00221467 	 6.10997 	 0.0643573 	 0.999373 	 0.000131389 
222 	 0.104637 	 0.00216565 	 6.12063 	 0.0646098 	 0.999412 	 0.00012336 
223 	 0.102224 	 0.00204858 	 6.1313 	 0.0648749 	 0.99944 	 0.000115578 
224 	 0.105467 	 0.00197857 	 6.14196 	 0.0651532 	 0.999406 	 0.000116576 
225 	 0.105844 	 0.00218328 	 6.1526 	 0.0654525 	 0.999404 	 0.000123506 
226 	 0.104709 	 0.00220625 	 6.16324 	 0.0657745 	 0.999419 	 0.000119618 
227 	 0.105677 	 0.00215156 	 6.17382 	 0.0661164 	 0.999411 	 0.000117088 
228 	 0.105429 	 0.00213811 	 6.18436 	 0.066484 	 0.999415 	 0.00011961 
229 	 0.10224 	 0.00218879 	 6.19488 	 0.066876 	 0.999451 	 0.000122108 
230 	 0.105173 	 0.00200285 	 6.20533 	 0.0672889 	 0.999421 	 0.000114405 
231 	 0.105096 	 0.00203008 	 6.21574 	 0.0677188 	 0.999424 	 0.000115457 
232 	 0.103814 	 0.00208996 	 6.22604 	 0.0681615 	 0.999439 	 0.000118693 
233 	 0.103665 	 0.00199643 	 6.23631 	 0.06861 	 0.999443 	 0.000111714 
234 	 0.105056 	 0.00217798 	 6.2465 	 0.069066 	 0.99943 	 0.00012008 
235 	 0.102905 	 0.0023902 	 6.25664 	 0.0695252 	 0.999453 	 0.000131562 
236 	 0.103351 	 0.00224658 	 6.2667 	 0.069978 	 0.99945 	 0.000128805 
237 	 0.105626 	 0.00212022 	 6.2767 	 0.0704217 	 0.999428 	 0.000122038 
238 	 0.10347 	 0.00231644 	 6.28666 	 0.0708518 	 0.999454 	 0.000124496 
239 	 0.105107 	 0.00209256 	 6.29655 	 0.0712675 	 0.999438 	 0.000115725 
240 	 0.10585 	 0.00210745 	 6.30641 	 0.0716606 	 0.999432 	 0.000113699 
241 	 0.104301 	 0.00224923 	 6.31618 	 0.0720293 	 0.999451 	 0.000114113 
242 	 0.102935 	 0.0021136 	 6.32595 	 0.0723722 	 0.999466 	 0.000111441 
243 	 0.105719 	 0.0019923 	 6.33567 	 0.0726871 	 0.999438 	 0.000113576 
244 	 0.104587 	 0.00210441 	 6.34538 	 0.0729741 	 0.999451 	 0.000118391 
245 	 0.102561 	 0.00214717 	 6.35503 	 0.0732331 	 0.999474 	 0.00012035 
246 	 0.104961 	 0.00211561 	 6.36464 	 0.0734642 	 0.99945 	 0.000120894 
247 	 0.104475 	 0.00250008 	 6.37422 	 0.0736645 	 0.999458 	 0.000133769 
248 	 0.103802 	 0.00250635 	 6.3838 	 0.0738351 	 0.999466 	 0.000132726 
249 	 0.104599 	 0.0022639 	 6.39331 	 0.073975 	 0.99946 	 0.000122302 
250 	 0.10483 	 0.00226693 	 6.40272 	 0.0740875 	 0.999459 	 0.000121612 
251 	 0.101774 	 0.00234061 	 6.41212 	 0.0741756 	 0.999491 	 0.00012017 
252 	 0.10502 	 0.0021316 	 6.42145 	 0.074239 	 0.99946 	 0.000115264 
253 	 0.105094 	 0.00208994 	 6.43069 	 0.0742804 	 0.999461 	 0.000112608 
254 	 0.101757 	 0.00207172 	 6.4398 	 0.0743071 	 0.999496 	 0.000107607 
255 	 0.103419 	 0.00198668 	 6.44877 	 0.0743199 	 0.999481 	 0.000101926 
256 	 0.105304 	 0.00202266 	 6.4576 	 0.0743267 	 0.999464 	 0.000105493 
257 	 0.10449 	 0.00212325 	 6.4663 	 0.0743331 	 0.999473 	 0.000113095 
258 	 0.103739 	 0.00203062 	 6.47483 	 0.0743361 	 0.999482 	 0.000107214 
259 	 0.104764 	 0.0019496 	 6.4831 	 0.0743447 	 0.999473 	 0.000102697 
260 	 0.100825 	 0.00212288 	 6.49119 	 0.0743648 	 0.999513 	 0.000109157 
261 	 0.103842 	 0.00208269 	 6.49911 	 0.0743983 	 0.999484 	 0.000112449 
262 	 0.106518 	 0.00222011 	 6.50686 	 0.074448 	 0.999459 	 0.00011859 
263 	 0.103797 	 0.00232743 	 6.51439 	 0.0745166 	 0.999488 	 0.000117737 
264 	 0.102742 	 0.00222064 	 6.52178 	 0.0746045 	 0.999499 	 0.000109072 
265 	 0.105585 	 0.00200645 	 6.52903 	 0.0747143 	 0.999472 	 0.000103558 
266 	 0.103847 	 0.00196202 	 6.5362 	 0.074844 	 0.999491 	 0.000101026 
267 	 0.103496 	 0.00209939 	 6.54332 	 0.0749901 	 0.999495 	 0.000106857 
268 	 0.106522 	 0.00210052 	 6.55038 	 0.0751555 	 0.999466 	 0.00011167 
269 	 0.101983 	 0.0021513 	 6.55745 	 0.0753359 	 0.999512 	 0.000105093 
270 	 0.101752 	 0.00200339 	 6.56455 	 0.0755298 	 0.999516 	 9.4645e-05 
271 	 0.105294 	 0.00186453 	 6.57171 	 0.0757396 	 0.999482 	 9.58956e-05 
272 	 0.105272 	 0.0020228 	 6.57888 	 0.0759617 	 0.999483 	 0.000103966 
273 	 0.101946 	 0.00213958 	 6.58616 	 0.0761893 	 0.999517 	 0.000102649 
274 	 0.104475 	 0.00200879 	 6.59349 	 0.0764212 	 0.999494 	 0.000101417 
275 	 0.105073 	 0.002034 	 6.60088 	 0.0766553 	 0.999489 	 0.000103307 
276 	 0.102831 	 0.00216995 	 6.60836 	 0.0768889 	 0.999512 	 0.000103235 
277 	 0.105205 	 0.00213992 	 6.61588 	 0.0771258 	 0.99949 	 0.000106152 
278 	 0.104407 	 0.00209914 	 6.62345 	 0.0773636 	 0.999499 	 0.000102301 
279 	 0.102912 	 0.00207352 	 6.63105 	 0.0775984 	 0.999515 	 9.81707e-05 
280 	 0.102869 	 0.00201063 	 6.63871 	 0.0778261 	 0.999516 	 9.70763e-05 
281 	 0.10482 	 0.00187067 	 6.64639 	 0.0780451 	 0.999499 	 9.21947e-05 
282 	 0.103239 	 0.00202182 	 6.65411 	 0.0782569 	 0.999515 	 9.57034e-05 
283 	 0.104206 	 0.00210587 	 6.66185 	 0.0784552 	 0.999507 	 0.000100504 
284 	 0.105744 	 0.00228501 	 6.66959 	 0.07864 	 0.999494 	 0.000106308 
285 	 0.104424 	 0.00240164 	 6.67734 	 0.0788113 	 0.999507 	 0.000109406 
286 	 0.103656 	 0.00214307 	 6.68515 	 0.0789663 	 0.999515 	 0.000100368 
287 	 0.104362 	 0.00213619 	 6.69299 	 0.0791053 	 0.99951 	 9.95313e-05 
288 	 0.103744 	 0.00238946 	 6.70084 	 0.0792276 	 0.999517 	 0.000109426 
289 	 0.101621 	 0.00237933 	 6.70874 	 0.0793267 	 0.999537 	 0.000109474 
290 	 0.104829 	 0.00221778 	 6.71663 	 0.0794032 	 0.999509 	 0.000106561 
291 	 0.104068 	 0.00227346 	 6.7246 	 0.0794621 	 0.999517 	 0.000108294 
292 	 0.104469 	 0.00215942 	 6.73259 	 0.0795049 	 0.999514 	 0.000102969 
293 	 0.105791 	 0.00213262 	 6.7406 	 0.0795297 	 0.999504 	 9.67595e-05 
294 	 0.105044 	 0.00208057 	 6.74861 	 0.0795345 	 0.999512 	 9.48013e-05 
295 	 0.102979 	 0.00197489 	 6.75667 	 0.0795202 	 0.999532 	 9.05812e-05 
296 	 0.10393 	 0.00198695 	 6.76474 	 0.0794924 	 0.999525 	 8.85265e-05 
297 	 0.104152 	 0.00217997 	 6.77281 	 0.0794508 	 0.999524 	 9.73144e-05 
298 	 0.101588 	 0.00214607 	 6.7809 	 0.0793962 	 0.999548 	 9.64397e-05 
299 	 0.104591 	 0.00199295 	 6.78901 	 0.0793319 	 0.999521 	 9.4147e-05 
300 	 0.105104 	 0.00202944 	 6.79714 	 0.0792653 	 0.999517 	 9.72186e-05 
301 	 0.103206 	 0.00217495 	 6.80528 	 0.0791961 	 0.999536 	 9.79446e-05 
302 	 0.104167 	 0.00222036 	 6.81343 	 0.0791209 	 0.999529 	 9.82923e-05 
303 	 0.105078 	 0.00214856 	 6.82161 	 0.0790466 	 0.999522 	 9.7879e-05 
304 	 0.101794 	 0.00220413 	 6.82984 	 0.078975 	 0.999552 	 9.82975e-05 
305 	 0.102796 	 0.00218901 	 6.8381 	 0.0789096 	 0.999544 	 9.88854e-05 
306 	 0.104918 	 0.00218075 	 6.84638 	 0.0788537 	 0.999527 	 9.86549e-05 
307 	 0.10225 	 0.00228384 	 6.85473 	 0.0788131 	 0.999552 	 9.77669e-05 
308 	 0.104292 	 0.00216174 	 6.86313 	 0.0787852 	 0.999535 	 9.5152e-05 
309 	 0.10667 	 0.00212964 	 6.87159 	 0.0787717 	 0.999515 	 9.61134e-05 
310 	 0.104588 	 0.00220637 	 6.88009 	 0.0787732 	 0.999535 	 9.31901e-05 
311 	 0.102493 	 0.00207883 	 6.88863 	 0.0787908 	 0.999555 	 8.45669e-05 
312 	 0.10589 	 0.00179989 	 6.89717 	 0.0788271 	 0.999525 	 8.10146e-05 
313 	 0.103763 	 0.00205458 	 6.90578 	 0.0788791 	 0.999545 	 8.90575e-05 
314 	 0.102822 	 0.00214251 	 6.9144 	 0.078945 	 0.999554 	 9.25807e-05 
315 	 0.106552 	 0.00217704 	 6.92301 	 0.0790265 	 0.999522 	 0.00010016 
316 	 0.105606 	 0.00215273 	 6.93158 	 0.0791252 	 0.999532 	 9.55608e-05 
317 	 0.104119 	 0.00208693 	 6.94013 	 0.0792377 	 0.999547 	 9.05562e-05 
318 	 0.105118 	 0.00200579 	 6.94865 	 0.0793608 	 0.999539 	 9.0215e-05 
319 	 0.105649 	 0.00216481 	 6.95711 	 0.0794944 	 0.999535 	 9.66045e-05 
320 	 0.102405 	 0.00228759 	 6.96552 	 0.0796378 	 0.999564 	 9.63211e-05 
321 	 0.104311 	 0.0021162 	 6.97384 	 0.0797921 	 0.999549 	 8.94627e-05 
322 	 0.105507 	 0.00226494 	 6.98207 	 0.0799562 	 0.999541 	 9.27921e-05 
323 	 0.104734 	 0.00223208 	 6.99022 	 0.0801282 	 0.999548 	 9.09733e-05 
324 	 0.104525 	 0.00216956 	 6.99829 	 0.0803059 	 0.999551 	 9.12124e-05 
325 	 0.104897 	 0.00212919 	 7.00626 	 0.0804904 	 0.999548 	 9.14089e-05 
326 	 0.102438 	 0.0020918 	 7.01415 	 0.0806877 	 0.999569 	 9.22347e-05 
327 	 0.102204 	 0.00212071 	 7.02195 	 0.080893 	 0.999572 	 9.22736e-05 
328 	 0.104897 	 0.00215754 	 7.02966 	 0.0811057 	 0.999551 	 9.22618e-05 
329 	 0.104307 	 0.00218762 	 7.03733 	 0.0813274 	 0.999557 	 9.13307e-05 
330 	 0.104954 	 0.00221203 	 7.04489 	 0.0815613 	 0.999553 	 9.36176e-05 
331 	 0.104623 	 0.00245822 	 7.05236 	 0.0818045 	 0.999556 	 0.00010209 
332 	 0.104154 	 0.0025877 	 7.05975 	 0.0820592 	 0.999561 	 0.000106316 
333 	 0.104849 	 0.00242637 	 7.06711 	 0.0823236 	 0.999556 	 9.99017e-05 
334 	 0.105905 	 0.00220303 	 7.07441 	 0.0825984 	 0.999549 	 9.16417e-05 
335 	 0.104505 	 0.00225431 	 7.08163 	 0.082882 	 0.999561 	 9.30644e-05 
336 	 0.103989 	 0.00213535 	 7.08879 	 0.0831734 	 0.999566 	 8.94122e-05 
337 	 0.105141 	 0.00193512 	 7.09591 	 0.0834758 	 0.999557 	 8.39724e-05 
338 	 0.103915 	 0.00209144 	 7.10301 	 0.083789 	 0.999568 	 8.80735e-05 
339 	 0.104677 	 0.00231087 	 7.1101 	 0.0841095 	 0.999563 	 9.61501e-05 
340 	 0.105918 	 0.00223155 	 7.11715 	 0.0844377 	 0.999553 	 9.36207e-05 
341 	 0.104037 	 0.00226828 	 7.12417 	 0.0847763 	 0.99957 	 9.0158e-05 
342 	 0.103008 	 0.00238379 	 7.13123 	 0.0851209 	 0.99958 	 9.21879e-05 
343 	 0.106119 	 0.00227478 	 7.13829 	 0.0854729 	 0.999554 	 9.57429e-05 
344 	 0.10488 	 0.00235068 	 7.14537 	 0.0858322 	 0.999565 	 9.80954e-05 
345 	 0.102427 	 0.00242108 	 7.15245 	 0.0861995 	 0.999586 	 9.6916e-05 
346 	 0.103887 	 0.00239367 	 7.15958 	 0.0865773 	 0.999575 	 9.79513e-05 
347 	 0.104848 	 0.00230109 	 7.16676 	 0.0869621 	 0.999569 	 9.16726e-05 
348 	 0.103004 	 0.00222589 	 7.17401 	 0.0873521 	 0.999585 	 8.47374e-05 
349 	 0.103661 	 0.002071 	 7.18131 	 0.0877453 	 0.99958 	 8.22363e-05 
350 	 0.106191 	 0.0019068 	 7.18865 	 0.0881432 	 0.99956 	 8.21272e-05 
351 	 0.103092 	 0.00205119 	 7.19606 	 0.0885414 	 0.999586 	 8.51235e-05 
352 	 0.103599 	 0.00220032 	 7.20354 	 0.0889377 	 0.999582 	 8.9695e-05 
353 	 0.105072 	 0.00221568 	 7.21106 	 0.0893315 	 0.999572 	 8.95294e-05 
354 	 0.102986 	 0.00211206 	 7.21862 	 0.0897196 	 0.999589 	 8.64797e-05 
355 	 0.102337 	 0.00216626 	 7.22623 	 0.0901 	 0.999594 	 9.16309e-05 
356 	 0.105138 	 0.00206641 	 7.23388 	 0.0904695 	 0.999573 	 8.61135e-05 
357 	 0.103608 	 0.00210143 	 7.24156 	 0.0908305 	 0.999587 	 8.23048e-05 
358 	 0.102711 	 0.00215304 	 7.24923 	 0.0911828 	 0.999595 	 8.50932e-05 
359 	 0.105707 	 0.00221716 	 7.25689 	 0.0915243 	 0.999572 	 9.02393e-05 
360 	 0.104188 	 0.00234911 	 7.26455 	 0.0918572 	 0.999585 	 9.15492e-05 
361 	 0.103167 	 0.0020747 	 7.27221 	 0.0921837 	 0.999594 	 8.40984e-05 
362 	 0.104626 	 0.00203776 	 7.27984 	 0.0925005 	 0.999582 	 8.5662e-05 
363 	 0.104288 	 0.00220437 	 7.28742 	 0.0928134 	 0.999586 	 8.99664e-05 
364 	 0.102571 	 0.00219813 	 7.29499 	 0.0931262 	 0.9996 	 8.86498e-05 
365 	 0.104514 	 0.00216426 	 7.30254 	 0.0934363 	 0.999586 	 8.73911e-05 
366 	 0.104571 	 0.00230253 	 7.31008 	 0.093746 	 0.999587 	 8.82369e-05 
367 	 0.102839 	 0.00222708 	 7.31759 	 0.0940616 	 0.999602 	 8.26395e-05 
368 	 0.10438 	 0.00208581 	 7.32508 	 0.094383 	 0.99959 	 8.35549e-05 
369 	 0.103847 	 0.0022918 	 7.33257 	 0.0947053 	 0.999594 	 9.3508e-05 
370 	 0.102935 	 0.00217712 	 7.34007 	 0.0950292 	 0.999602 	 8.91274e-05 
371 	 0.103492 	 0.00201434 	 7.34758 	 0.0953558 	 0.999599 	 8.29871e-05 
372 	 0.104429 	 0.00214531 	 7.35507 	 0.0956885 	 0.999592 	 8.68859e-05 
373 	 0.10377 	 0.0023058 	 7.36258 	 0.0960254 	 0.999599 	 8.93983e-05 
374 	 0.1045 	 0.00216158 	 7.37008 	 0.0963615 	 0.999594 	 8.47399e-05 
375 	 0.105391 	 0.00200517 	 7.37757 	 0.0966955 	 0.999587 	 8.34211e-05 
376 	 0.103384 	 0.00203511 	 7.38506 	 0.0970304 	 0.999603 	 8.50269e-05 
377 	 0.103212 	 0.00199008 	 7.39253 	 0.0973626 	 0.999606 	 8.09574e-05 
378 	 0.104484 	 0.00209236 	 7.39999 	 0.0976927 	 0.999597 	 8.40054e-05 
379 	 0.104876 	 0.00208099 	 7.40746 	 0.0980168 	 0.999594 	 8.58459e-05 
380 	 0.104134 	 0.00211955 	 7.41492 	 0.0983331 	 0.999601 	 8.56197e-05 
381 	 0.104581 	 0.00219257 	 7.42234 	 0.098647 	 0.999598 	 8.70063e-05 
382 	 0.103379 	 0.00230177 	 7.42974 	 0.0989561 	 0.999608 	 8.88011e-05 
383 	 0.103267 	 0.00220833 	 7.43716 	 0.0992574 	 0.99961 	 8.73009e-05 
384 	 0.104308 	 0.00208967 	 7.44459 	 0.0995487 	 0.999603 	 8.42659e-05 
385 	 0.104551 	 0.00215755 	 7.45202 	 0.0998309 	 0.999602 	 8.54782e-05 
386 	 0.103928 	 0.00211121 	 7.45945 	 0.100105 	 0.999607 	 8.3042e-05 
387 	 0.103491 	 0.0020206 	 7.46687 	 0.10037 	 0.999611 	 8.00449e-05 
388 	 0.102974 	 0.00205727 	 7.47428 	 0.100625 	 0.999617 	 7.6485e-05 
389 	 0.102291 	 0.0020956 	 7.48172 	 0.100868 	 0.999623 	 7.63205e-05 
390 	 0.103451 	 0.00199015 	 7.48917 	 0.101099 	 0.999614 	 7.73154e-05 
391 	 0.103152 	 0.00195565 	 7.49662 	 0.10132 	 0.999617 	 7.51967e-05 
392 	 0.102273 	 0.00204313 	 7.50408 	 0.101534 	 0.999624 	 7.75506e-05 
393 	 0.104191 	 0.00212183 	 7.51152 	 0.101738 	 0.999611 	 8.32607e-05 
394 	 0.105389 	 0.0023675 	 7.51896 	 0.101934 	 0.999603 	 8.91166e-05 
395 	 0.103837 	 0.00246047 	 7.52643 	 0.102126 	 0.999615 	 8.98565e-05 
396 	 0.104779 	 0.00232035 	 7.53385 	 0.102313 	 0.999608 	 9.13271e-05 
397 	 0.105449 	 0.00233198 	 7.54125 	 0.102496 	 0.999604 	 8.97244e-05 
398 	 0.103085 	 0.00223148 	 7.54862 	 0.102681 	 0.999623 	 8.08929e-05 
399 	 0.103066 	 0.00192142 	 7.556 	 0.102867 	 0.999624 	 7.39399e-05 
400 	 0.104611 	 0.00198366 	 7.56334 	 0.103053 	 0.999613 	 7.83235e-05 
401 	 0.103956 	 0.00205138 	 7.57066 	 0.103242 	 0.999619 	 7.74433e-05 
402 	 0.103777 	 0.00206457 	 7.57795 	 0.103432 	 0.999621 	 7.58068e-05 
403 	 0.105562 	 0.00221592 	 7.58516 	 0.103625 	 0.999609 	 8.17155e-05 
404 	 0.103904 	 0.00213838 	 7.59237 	 0.103822 	 0.999621 	 8.02928e-05 
405 	 0.103683 	 0.00209028 	 7.59956 	 0.104023 	 0.999623 	 8.15283e-05 
406 	 0.105869 	 0.00209406 	 7.60668 	 0.104224 	 0.999608 	 8.14295e-05 
407 	 0.103589 	 0.00215616 	 7.61374 	 0.104426 	 0.999626 	 7.99122e-05 
408 	 0.101908 	 0.00214305 	 7.62076 	 0.104626 	 0.999638 	 7.89406e-05 
409 	 0.103218 	 0.00218502 	 7.62776 	 0.10482 	 0.999629 	 8.11146e-05 
410 	 0.104678 	 0.00231086 	 7.63471 	 0.105009 	 0.999619 	 8.80144e-05 
411 	 0.104462 	 0.00224947 	 7.64162 	 0.105194 	 0.999621 	 8.59998e-05 
412 	 0.104907 	 0.00222744 	 7.64845 	 0.105376 	 0.999619 	 8.29579e-05 
413 	 0.103324 	 0.00225302 	 7.65525 	 0.10555 	 0.999632 	 8.12832e-05 
414 	 0.102748 	 0.0021136 	 7.66203 	 0.105716 	 0.999636 	 7.81132e-05 
415 	 0.105219 	 0.00204581 	 7.66878 	 0.105873 	 0.999619 	 7.72813e-05 
416 	 0.105451 	 0.00204151 	 7.67545 	 0.106021 	 0.999618 	 7.63862e-05 
417 	 0.103404 	 0.00202829 	 7.6821 	 0.106161 	 0.999633 	 7.62483e-05 
418 	 0.103313 	 0.00198592 	 7.68872 	 0.106291 	 0.999634 	 7.65734e-05 
419 	 0.104687 	 0.00201573 	 7.69532 	 0.106412 	 0.999625 	 7.91891e-05 
420 	 0.104358 	 0.00217997 	 7.70188 	 0.106525 	 0.999628 	 8.25551e-05 
421 	 0.104987 	 0.00215335 	 7.7084 	 0.106632 	 0.999624 	 8.15962e-05 
422 	 0.104405 	 0.00225422 	 7.71488 	 0.106731 	 0.99963 	 8.13141e-05 
423 	 0.103886 	 0.00230625 	 7.7213 	 0.106822 	 0.999634 	 7.8478e-05 
424 	 0.104919 	 0.00207206 	 7.72768 	 0.106907 	 0.999628 	 7.1546e-05 
425 	 0.1046 	 0.00216848 	 7.73399 	 0.106988 	 0.99963 	 7.65847e-05 
426 	 0.103515 	 0.00226547 	 7.74022 	 0.107066 	 0.999639 	 7.61446e-05 
427 	 0.102206 	 0.00228342 	 7.74635 	 0.107147 	 0.999649 	 7.57591e-05 
428 	 0.10389 	 0.00233022 	 7.75239 	 0.10723 	 0.999637 	 8.00745e-05 
429 	 0.104295 	 0.00238662 	 7.75834 	 0.10732 	 0.999635 	 8.31677e-05 
430 	 0.103671 	 0.00227089 	 7.76422 	 0.107423 	 0.99964 	 8.03758e-05 
431 	 0.103938 	 0.0022019 	 7.76998 	 0.107542 	 0.999638 	 7.90421e-05 
432 	 0.103301 	 0.0022764 	 7.77566 	 0.107676 	 0.999643 	 7.75154e-05 
433 	 0.102225 	 0.00220181 	 7.78127 	 0.107827 	 0.999651 	 7.41084e-05 
434 	 0.102913 	 0.00206222 	 7.78682 	 0.108 	 0.999646 	 7.34792e-05 
435 	 0.104105 	 0.00206712 	 7.79235 	 0.108194 	 0.999639 	 7.41126e-05 
436 	 0.102338 	 0.00193858 	 7.79789 	 0.10841 	 0.999652 	 6.73225e-05 
437 	 0.103122 	 0.00194888 	 7.80345 	 0.10865 	 0.999647 	 6.84416e-05 
438 	 0.103709 	 0.00210376 	 7.80905 	 0.10891 	 0.999644 	 7.16599e-05 
439 	 0.103221 	 0.00201548 	 7.81473 	 0.10919 	 0.999648 	 6.84222e-05 
440 	 0.104493 	 0.00190887 	 7.82051 	 0.109485 	 0.999639 	 6.74901e-05 
441 	 0.106051 	 0.00213232 	 7.82639 	 0.10979 	 0.999629 	 7.44189e-05 
442 	 0.1039 	 0.00215744 	 7.8324 	 0.110106 	 0.999644 	 7.61747e-05 
443 	 0.103028 	 0.00206865 	 7.83852 	 0.110428 	 0.99965 	 7.45628e-05 
444 	 0.103549 	 0.00205735 	 7.84478 	 0.110756 	 0.999647 	 7.18329e-05 
445 	 0.102566 	 0.00214716 	 7.85118 	 0.111087 	 0.999655 	 7.20588e-05 
446 	 0.104008 	 0.00205485 	 7.85771 	 0.111416 	 0.999646 	 7.06094e-05 
447 	 0.105338 	 0.00203203 	 7.86435 	 0.11174 	 0.999637 	 7.11823e-05 
448 	 0.103418 	 0.00216525 	 7.87109 	 0.11206 	 0.999651 	 7.34597e-05 
449 	 0.102451 	 0.00206136 	 7.87796 	 0.112375 	 0.999658 	 6.74192e-05 
450 	 0.105099 	 0.00220879 	 7.88491 	 0.112682 	 0.999641 	 7.39728e-05 
451 	 0.104508 	 0.00243281 	 7.89194 	 0.112978 	 0.999645 	 8.10589e-05 
452 	 0.103572 	 0.00230332 	 7.89906 	 0.113262 	 0.999652 	 7.65614e-05 
453 	 0.103759 	 0.00225038 	 7.90622 	 0.113534 	 0.999652 	 7.5493e-05 
454 	 0.10295 	 0.00224479 	 7.91345 	 0.113792 	 0.999657 	 7.7225e-05 
455 	 0.103301 	 0.00217241 	 7.92074 	 0.114034 	 0.999655 	 7.49914e-05 
456 	 0.104691 	 0.0022318 	 7.92803 	 0.114257 	 0.999647 	 7.61917e-05 
457 	 0.104979 	 0.00223057 	 7.93534 	 0.114461 	 0.999646 	 7.53815e-05 
458 	 0.102685 	 0.00219207 	 7.94264 	 0.114645 	 0.999663 	 6.97107e-05 
459 	 0.102969 	 0.00204217 	 7.9499 	 0.114807 	 0.999661 	 6.42562e-05 
460 	 0.102926 	 0.00214909 	 7.95713 	 0.114947 	 0.999662 	 6.98681e-05 
461 	 0.104179 	 0.00206633 	 7.9643 	 0.115063 	 0.999654 	 6.90845e-05 
462 	 0.105103 	 0.00194652 	 7.97138 	 0.11516 	 0.999648 	 6.79841e-05 
463 	 0.104105 	 0.00206364 	 7.97833 	 0.115243 	 0.999655 	 7.10696e-05 
464 	 0.103641 	 0.00200259 	 7.98517 	 0.115312 	 0.999659 	 6.67454e-05 
465 	 0.104435 	 0.00206723 	 7.99189 	 0.115367 	 0.999654 	 7.06927e-05 
466 	 0.10542 	 0.00218284 	 7.99845 	 0.115415 	 0.999648 	 7.63868e-05 
467 	 0.103568 	 0.00221799 	 8.00487 	 0.115461 	 0.999661 	 7.47747e-05 
468 	 0.104376 	 0.00218691 	 8.01111 	 0.115508 	 0.999656 	 7.3389e-05 
469 	 0.103332 	 0.00221265 	 8.01717 	 0.115559 	 0.999664 	 7.16261e-05 
470 	 0.103237 	 0.00220689 	 8.0231 	 0.115617 	 0.999665 	 7.19605e-05 
471 	 0.103824 	 0.00208122 	 8.0289 	 0.115684 	 0.999661 	 7.28258e-05 
472 	 0.104582 	 0.0021234 	 8.03451 	 0.115763 	 0.999656 	 7.43628e-05 
473 	 0.104242 	 0.00216515 	 8.03996 	 0.115855 	 0.99966 	 7.11419e-05 
474 	 0.103523 	 0.00202749 	 8.04525 	 0.115961 	 0.999665 	 6.66438e-05 
475 	 0.104625 	 0.00200522 	 8.0504 	 0.116077 	 0.999658 	 6.93283e-05 
476 	 0.103741 	 0.00218233 	 8.05544 	 0.116202 	 0.999664 	 7.37283e-05 
477 	 0.104006 	 0.00220027 	 8.06036 	 0.116336 	 0.999663 	 7.53443e-05 
478 	 0.103715 	 0.00227891 	 8.06514 	 0.11648 	 0.999665 	 7.56162e-05 
479 	 0.104101 	 0.00231049 	 8.06984 	 0.116628 	 0.999664 	 7.29793e-05 
480 	 0.103989 	 0.00233621 	 8.07448 	 0.116777 	 0.999665 	 7.47488e-05 
481 	 0.10523 	 0.00220824 	 8.07906 	 0.11692 	 0.999657 	 7.2631e-05 
482 	 0.105153 	 0.00206821 	 8.08358 	 0.117057 	 0.999658 	 6.63482e-05 
483 	 0.103218 	 0.00207633 	 8.08806 	 0.11719 	 0.99967 	 6.79837e-05 
484 	 0.103496 	 0.00196522 	 8.09257 	 0.117314 	 0.999669 	 6.64431e-05 
485 	 0.104228 	 0.00193085 	 8.09712 	 0.117432 	 0.999665 	 6.62654e-05 
486 	 0.104485 	 0.00205248 	 8.10174 	 0.117539 	 0.999663 	 6.94629e-05 
487 	 0.105023 	 0.0022329 	 8.10639 	 0.117636 	 0.99966 	 7.41309e-05 
488 	 0.105247 	 0.00225888 	 8.11112 	 0.117723 	 0.999659 	 7.37295e-05 
489 	 0.102389 	 0.00222147 	 8.11596 	 0.117799 	 0.999678 	 7.0288e-05 
490 	 0.103239 	 0.00212281 	 8.12091 	 0.117864 	 0.999673 	 6.92493e-05 
491 	 0.105062 	 0.00208734 	 8.12597 	 0.117916 	 0.999662 	 7.00274e-05 
492 	 0.104418 	 0.00206815 	 8.13113 	 0.117957 	 0.999666 	 6.81811e-05 
493 	 0.103519 	 0.00220499 	 8.1364 	 0.117984 	 0.999672 	 7.19988e-05 
494 	 0.104015 	 0.00233377 	 8.14175 	 0.117994 	 0.99967 	 7.53588e-05 
495 	 0.104723 	 0.00233104 	 8.1472 	 0.117987 	 0.999666 	 7.41496e-05 
496 	 0.103305 	 0.00210591 	 8.15272 	 0.117965 	 0.999675 	 6.70374e-05 
497 	 0.104362 	 0.00201007 	 8.15832 	 0.117925 	 0.999669 	 6.62915e-05 
498 	 0.103873 	 0.00210504 	 8.16398 	 0.117866 	 0.999672 	 6.96777e-05 
499 	 0.103418 	 0.00202651 	 8.16971 	 0.117787 	 0.999676 	 6.59909e-05 
500 	 0.103397 	 0.00222288 	 8.17547 	 0.117692 	 0.999677 	 6.95566e-05 
501 	 0.104344 	 0.00230516 	 8.18128 	 0.117577 	 0.999671 	 7.44137e-05 
502 	 0.104976 	 0.00205336 	 8.18714 	 0.117442 	 0.999667 	 6.89898e-05 
503 	 0.105146 	 0.00211354 	 8.19302 	 0.117291 	 0.999667 	 7.01328e-05 
504 	 0.104186 	 0.00235864 	 8.19894 	 0.117124 	 0.999673 	 7.5605e-05 
505 	 0.103538 	 0.00214196 	 8.2049 	 0.116943 	 0.999678 	 6.89185e-05 
506 	 0.10551 	 0.001922 	 8.21091 	 0.116748 	 0.999666 	 6.24257e-05 
507 	 0.104737 	 0.00209202 	 8.21694 	 0.116542 	 0.999672 	 6.57998e-05 
508 	 0.104466 	 0.00207516 	 8.22302 	 0.116331 	 0.999674 	 6.51411e-05 
509 	 0.103442 	 0.00192249 	 8.22913 	 0.116117 	 0.999681 	 5.94094e-05 
510 	 0.103412 	 0.00206222 	 8.23525 	 0.115904 	 0.999681 	 6.33764e-05 
511 	 0.10349 	 0.00207213 	 8.24142 	 0.115698 	 0.999681 	 6.72025e-05 
512 	 0.105472 	 0.00203951 	 8.24762 	 0.115502 	 0.999669 	 6.94106e-05 
513 	 0.104976 	 0.00227968 	 8.25382 	 0.115321 	 0.999673 	 7.14174e-05 
514 	 0.102727 	 0.00234526 	 8.26003 	 0.115159 	 0.999688 	 6.87426e-05 
515 	 0.104309 	 0.00230016 	 8.26625 	 0.11502 	 0.999679 	 6.84769e-05 
516 	 0.104691 	 0.00228853 	 8.27247 	 0.114907 	 0.999677 	 6.93075e-05 
517 	 0.104496 	 0.0022044 	 8.27869 	 0.114824 	 0.999678 	 6.79109e-05 
518 	 0.103242 	 0.00210525 	 8.28489 	 0.11477 	 0.999686 	 6.6178e-05 
519 	 0.104138 	 0.00190928 	 8.29106 	 0.114749 	 0.999681 	 6.1022e-05 
520 	 0.102954 	 0.00201943 	 8.29722 	 0.11476 	 0.999689 	 6.06838e-05 
521 	 0.10302 	 0.00207727 	 8.30337 	 0.114802 	 0.999689 	 6.47161e-05 
522 	 0.104511 	 0.00202138 	 8.30949 	 0.114874 	 0.99968 	 6.53762e-05 
523 	 0.104756 	 0.00195775 	 8.31557 	 0.114974 	 0.999679 	 6.03788e-05 
524 	 0.103702 	 0.00185067 	 8.32163 	 0.115101 	 0.999686 	 5.67234e-05 
525 	 0.102749 	 0.00182946 	 8.32764 	 0.115252 	 0.999692 	 5.82864e-05 
526 	 0.104187 	 0.00192534 	 8.33362 	 0.115424 	 0.999684 	 5.92468e-05 
527 	 0.103458 	 0.00199377 	 8.33959 	 0.115615 	 0.999689 	 6.08218e-05 
528 	 0.104417 	 0.00221209 	 8.34549 	 0.115823 	 0.999684 	 6.73781e-05 
529 	 0.103754 	 0.00243807 	 8.35132 	 0.116043 	 0.999688 	 7.09695e-05 
530 	 0.105028 	 0.00230387 	 8.35711 	 0.116273 	 0.999681 	 6.78017e-05 
531 	 0.105247 	 0.002374 	 8.36285 	 0.116509 	 0.99968 	 7.00353e-05 
532 	 0.105378 	 0.00227018 	 8.3685 	 0.116747 	 0.99968 	 6.66013e-05 
533 	 0.104803 	 0.00215088 	 8.37409 	 0.116985 	 0.999684 	 6.32859e-05 
534 	 0.102266 	 0.00215471 	 8.3796 	 0.117222 	 0.999699 	 6.30963e-05 
535 	 0.102577 	 0.00223684 	 8.38503 	 0.117458 	 0.999697 	 6.65518e-05 
536 	 0.103706 	 0.00225521 	 8.39041 	 0.117688 	 0.999691 	 6.99386e-05 
537 	 0.105041 	 0.00217212 	 8.39573 	 0.117913 	 0.999683 	 6.84751e-05 
538 	 0.103489 	 0.00219881 	 8.40096 	 0.118129 	 0.999693 	 6.67428e-05 
539 	 0.10341 	 0.00214427 	 8.40612 	 0.118337 	 0.999694 	 6.33255e-05 
540 	 0.10318 	 0.00204694 	 8.41121 	 0.118539 	 0.999696 	 6.09685e-05 
541 	 0.104007 	 0.00193922 	 8.41625 	 0.118732 	 0.999691 	 5.97514e-05 
542 	 0.104508 	 0.00200766 	 8.42124 	 0.118914 	 0.999689 	 6.14214e-05 
543 	 0.104688 	 0.00201942 	 8.42618 	 0.119088 	 0.999688 	 6.24777e-05 
544 	 0.103711 	 0.00203058 	 8.43105 	 0.119257 	 0.999694 	 6.07466e-05 
545 	 0.10329 	 0.0020684 	 8.43586 	 0.119421 	 0.999697 	 6.21852e-05 
546 	 0.104033 	 0.0022154 	 8.44064 	 0.119584 	 0.999692 	 6.79874e-05 
547 	 0.104105 	 0.00215001 	 8.44538 	 0.119747 	 0.999692 	 6.70093e-05 
548 	 0.105471 	 0.00201768 	 8.45008 	 0.119909 	 0.999685 	 6.36611e-05 
549 	 0.103802 	 0.00196286 	 8.45476 	 0.120074 	 0.999695 	 6.03157e-05 
550 	 0.104271 	 0.00182304 	 8.45938 	 0.120239 	 0.999693 	 5.51512e-05 
551 	 0.104019 	 0.00205706 	 8.46398 	 0.120407 	 0.999695 	 5.8941e-05 
552 	 0.104211 	 0.0020516 	 8.46855 	 0.120578 	 0.999694 	 5.88995e-05 
553 	 0.104925 	 0.0021736 	 8.47306 	 0.120748 	 0.999691 	 6.10658e-05 
554 	 0.104044 	 0.00225255 	 8.47752 	 0.12092 	 0.999696 	 6.38103e-05 
555 	 0.103735 	 0.00223444 	 8.48193 	 0.121091 	 0.999697 	 6.75847e-05 
556 	 0.104233 	 0.00223803 	 8.48629 	 0.121262 	 0.999694 	 6.85323e-05 
557 	 0.105353 	 0.00230601 	 8.49057 	 0.121432 	 0.999689 	 6.77519e-05 
558 	 0.103977 	 0.00239899 	 8.49478 	 0.121601 	 0.999697 	 6.98059e-05 
559 	 0.103905 	 0.00210374 	 8.49889 	 0.121765 	 0.999698 	 6.20687e-05 
560 	 0.102059 	 0.00199334 	 8.50291 	 0.121925 	 0.999709 	 5.7142e-05 
561 	 0.102602 	 0.00194883 	 8.50683 	 0.122082 	 0.999706 	 5.63078e-05 
562 	 0.104347 	 0.00196108 	 8.51067 	 0.122237 	 0.999696 	 5.61033e-05 
563 	 0.105807 	 0.00206513 	 8.51439 	 0.122392 	 0.999688 	 6.07352e-05 
564 	 0.105371 	 0.0022483 	 8.518 	 0.122542 	 0.999691 	 6.40941e-05 
565 	 0.103457 	 0.00218203 	 8.52152 	 0.12269 	 0.999703 	 5.99034e-05 
566 	 0.103948 	 0.0022538 	 8.52496 	 0.122836 	 0.9997 	 6.18513e-05 
567 	 0.104024 	 0.00236067 	 8.52835 	 0.12298 	 0.9997 	 6.52208e-05 
568 	 0.106111 	 0.00222412 	 8.53165 	 0.123121 	 0.999687 	 6.55776e-05 
569 	 0.105352 	 0.0022917 	 8.5349 	 0.123258 	 0.999692 	 6.80918e-05 
570 	 0.105149 	 0.00229595 	 8.5381 	 0.123389 	 0.999694 	 6.56522e-05 
571 	 0.103649 	 0.00227589 	 8.54126 	 0.123515 	 0.999703 	 6.2262e-05 
572 	 0.103365 	 0.0021613 	 8.5444 	 0.123632 	 0.999704 	 6.10722e-05 
573 	 0.105203 	 0.00207347 	 8.54753 	 0.123739 	 0.999694 	 6.07724e-05 
574 	 0.105005 	 0.00187732 	 8.55068 	 0.123838 	 0.999695 	 5.57083e-05 
575 	 0.104412 	 0.00184078 	 8.55385 	 0.123928 	 0.999699 	 5.42938e-05 
576 	 0.103278 	 0.00200088 	 8.55704 	 0.124012 	 0.999706 	 5.70568e-05 
577 	 0.103575 	 0.00198185 	 8.56026 	 0.124089 	 0.999704 	 5.64068e-05 
578 	 0.103619 	 0.00206547 	 8.56353 	 0.124162 	 0.999704 	 5.99602e-05 
579 	 0.104561 	 0.00210155 	 8.56685 	 0.12423 	 0.999699 	 5.97178e-05 
580 	 0.104185 	 0.00207444 	 8.57025 	 0.124296 	 0.999702 	 5.77162e-05 
581 	 0.104636 	 0.00212648 	 8.57369 	 0.124364 	 0.999699 	 6.01797e-05 
582 	 0.10428 	 0.00227858 	 8.57721 	 0.124436 	 0.999701 	 6.38674e-05 
583 	 0.104115 	 0.00213553 	 8.58082 	 0.124511 	 0.999703 	 6.08264e-05 
584 	 0.103747 	 0.00233286 	 8.58452 	 0.124587 	 0.999705 	 6.49297e-05 
585 	 0.103544 	 0.00235351 	 8.5883 	 0.12467 	 0.999706 	 6.45547e-05 
586 	 0.104973 	 0.00220341 	 8.59216 	 0.124758 	 0.999699 	 6.08251e-05 
587 	 0.104254 	 0.00199646 	 8.59612 	 0.124847 	 0.999703 	 5.80707e-05 
588 	 0.105099 	 0.00207367 	 8.60015 	 0.124936 	 0.999698 	 6.01531e-05 
589 	 0.104425 	 0.00219095 	 8.60426 	 0.12502 	 0.999703 	 5.93301e-05 
590 	 0.103833 	 0.00207756 	 8.60841 	 0.125103 	 0.999706 	 5.77153e-05 
591 	 0.102847 	 0.00216925 	 8.61261 	 0.125182 	 0.999712 	 6.13937e-05 
592 	 0.104147 	 0.00196325 	 8.61687 	 0.125252 	 0.999705 	 5.69797e-05 
593 	 0.10533 	 0.00187901 	 8.62117 	 0.125314 	 0.999698 	 5.708e-05 
594 	 0.104309 	 0.0019345 	 8.62548 	 0.125367 	 0.999704 	 5.76312e-05 
595 	 0.104129 	 0.00221864 	 8.62978 	 0.125408 	 0.999706 	 5.98133e-05 
596 	 0.104443 	 0.00216065 	 8.63406 	 0.12544 	 0.999704 	 5.9879e-05 
597 	 0.104301 	 0.0020402 	 8.63833 	 0.125461 	 0.999705 	 5.78676e-05 
598 	 0.103935 	 0.0021254 	 8.64258 	 0.125472 	 0.999708 	 6.01098e-05 
599 	 0.105268 	 0.00224159 	 8.64682 	 0.125475 	 0.9997 	 6.40822e-05 
600 	 0.103549 	 0.00234738 	 8.65102 	 0.125467 	 0.999711 	 6.36861e-05 
601 	 0.103607 	 0.00222307 	 8.65517 	 0.125454 	 0.999711 	 6.03128e-05 
602 	 0.103588 	 0.0021839 	 8.65932 	 0.125436 	 0.999711 	 6.1152e-05 
603 	 0.10334 	 0.00213815 	 8.66348 	 0.125412 	 0.999712 	 6.06273e-05 
604 	 0.103415 	 0.00214093 	 8.66764 	 0.125384 	 0.999712 	 6.01609e-05 
605 	 0.104037 	 0.00207371 	 8.67178 	 0.125355 	 0.999709 	 6.04482e-05 
606 	 0.104649 	 0.00197994 	 8.67592 	 0.125324 	 0.999706 	 5.5743e-05 
607 	 0.102538 	 0.00207025 	 8.68008 	 0.125289 	 0.999719 	 5.28939e-05 
608 	 0.104083 	 0.00223956 	 8.68426 	 0.12525 	 0.999711 	 5.82413e-05 
609 	 0.105165 	 0.00220989 	 8.68845 	 0.125204 	 0.999704 	 5.99853e-05 
610 	 0.104616 	 0.00223161 	 8.69264 	 0.125152 	 0.999707 	 6.17716e-05 
611 	 0.103321 	 0.00238619 	 8.69682 	 0.125096 	 0.999715 	 6.43523e-05 
612 	 0.10439 	 0.00218883 	 8.70102 	 0.125032 	 0.999709 	 6.01038e-05 
613 	 0.105742 	 0.0022932 	 8.70522 	 0.124956 	 0.999702 	 6.5192e-05 
614 	 0.105077 	 0.00226298 	 8.70941 	 0.124868 	 0.999706 	 6.37169e-05 
615 	 0.103999 	 0.00205383 	 8.71357 	 0.124771 	 0.999712 	 5.70852e-05 
616 	 0.102674 	 0.00212134 	 8.71771 	 0.124666 	 0.99972 	 5.78181e-05 
617 	 0.102899 	 0.0022719 	 8.72185 	 0.12455 	 0.999719 	 5.87724e-05 
618 	 0.103399 	 0.00219634 	 8.72599 	 0.124425 	 0.999717 	 5.91816e-05 
619 	 0.105115 	 0.0020051 	 8.7301 	 0.124291 	 0.999707 	 5.93316e-05 
620 	 0.10403 	 0.0020733 	 8.73421 	 0.12415 	 0.999713 	 5.96794e-05 
621 	 0.103347 	 0.00199841 	 8.73832 	 0.124005 	 0.999718 	 5.50579e-05 
622 	 0.103263 	 0.00202662 	 8.74244 	 0.123852 	 0.999718 	 5.51823e-05 
623 	 0.103933 	 0.00212472 	 8.74656 	 0.123691 	 0.999715 	 5.96697e-05 
624 	 0.103801 	 0.00220854 	 8.75069 	 0.123524 	 0.999716 	 6.00507e-05 
625 	 0.103128 	 0.00219087 	 8.75483 	 0.123351 	 0.99972 	 5.74485e-05 
626 	 0.104191 	 0.00228038 	 8.75897 	 0.12317 	 0.999714 	 6.09883e-05 
627 	 0.103567 	 0.00219987 	 8.76313 	 0.122983 	 0.999718 	 6.08309e-05 
628 	 0.104425 	 0.00216668 	 8.7673 	 0.122789 	 0.999713 	 6.11275e-05 
629 	 0.104684 	 0.00206365 	 8.77145 	 0.122589 	 0.999712 	 5.70907e-05 
630 	 0.104509 	 0.00193204 	 8.7756 	 0.122383 	 0.999714 	 5.18428e-05 
631 	 0.103175 	 0.0019034 	 8.77971 	 0.12217 	 0.999721 	 4.98515e-05 
632 	 0.102021 	 0.00175112 	 8.78379 	 0.121952 	 0.999728 	 4.64186e-05 
633 	 0.103934 	 0.00175808 	 8.78785 	 0.121736 	 0.999718 	 4.83593e-05 
634 	 0.104982 	 0.00195146 	 8.79188 	 0.121519 	 0.999712 	 5.42104e-05 
635 	 0.104301 	 0.00231422 	 8.79586 	 0.121305 	 0.999716 	 6.14118e-05 
636 	 0.104722 	 0.00236708 	 8.79977 	 0.121096 	 0.999714 	 6.18032e-05 
637 	 0.104589 	 0.00222013 	 8.80364 	 0.120892 	 0.999716 	 5.70058e-05 
638 	 0.103561 	 0.00228669 	 8.80748 	 0.120698 	 0.999721 	 5.9187e-05 
639 	 0.105035 	 0.00222408 	 8.81126 	 0.120514 	 0.999714 	 5.81007e-05 
640 	 0.104457 	 0.00209252 	 8.81502 	 0.120343 	 0.999717 	 5.59928e-05 
641 	 0.103173 	 0.00196205 	 8.81873 	 0.120188 	 0.999723 	 5.40499e-05 
642 	 0.102585 	 0.00198759 	 8.82242 	 0.120051 	 0.999727 	 5.20011e-05 
643 	 0.103164 	 0.00188524 	 8.8261 	 0.119933 	 0.999725 	 4.88474e-05 
644 	 0.103532 	 0.00197156 	 8.82976 	 0.119835 	 0.999723 	 5.1588e-05 
645 	 0.103563 	 0.00221428 	 8.83341 	 0.119759 	 0.999723 	 5.68669e-05 
646 	 0.104743 	 0.00221686 	 8.83705 	 0.1197 	 0.999717 	 5.65146e-05 
647 	 0.104243 	 0.00206847 	 8.84068 	 0.119662 	 0.99972 	 5.42898e-05 
648 	 0.104304 	 0.00216561 	 8.84431 	 0.119644 	 0.999719 	 5.78946e-05 
649 	 0.104185 	 0.00222165 	 8.84794 	 0.119647 	 0.99972 	 6.08606e-05 
650 	 0.104489 	 0.00211269 	 8.85158 	 0.119671 	 0.999718 	 5.9075e-05 
651 	 0.103967 	 0.00213473 	 8.85522 	 0.119715 	 0.999721 	 5.83626e-05 
652 	 0.104267 	 0.00210592 	 8.8589 	 0.119777 	 0.99972 	 5.70062e-05 
653 	 0.104473 	 0.00221871 	 8.8626 	 0.119856 	 0.99972 	 5.80684e-05 
654 	 0.104773 	 0.00219505 	 8.86634 	 0.119948 	 0.999718 	 5.78481e-05 
655 	 0.105288 	 0.0020064 	 8.87014 	 0.120051 	 0.999716 	 5.26651e-05 
656 	 0.104201 	 0.00202842 	 8.87397 	 0.120166 	 0.999722 	 5.29452e-05 
657 	 0.103689 	 0.00218753 	 8.87783 	 0.120288 	 0.999725 	 5.381e-05 
658 	 0.103859 	 0.00217546 	 8.88175 	 0.120415 	 0.999725 	 5.40268e-05 
659 	 0.104321 	 0.00201839 	 8.88573 	 0.120542 	 0.999722 	 5.26071e-05 
660 	 0.104156 	 0.00200246 	 8.88975 	 0.120664 	 0.999723 	 5.24504e-05 
661 	 0.104296 	 0.00197342 	 8.8938 	 0.120783 	 0.999723 	 5.16264e-05 
662 	 0.103737 	 0.00203052 	 8.89786 	 0.120897 	 0.999726 	 5.26502e-05 
663 	 0.102665 	 0.00205979 	 8.90193 	 0.121004 	 0.999732 	 5.22081e-05 
664 	 0.103465 	 0.00200724 	 8.90601 	 0.1211 	 0.999728 	 4.94756e-05 
665 	 0.104188 	 0.00199105 	 8.91006 	 0.121182 	 0.999724 	 5.24172e-05 
666 	 0.103895 	 0.001991 	 8.91409 	 0.121252 	 0.999725 	 5.45085e-05 
667 	 0.10328 	 0.00200155 	 8.91807 	 0.12131 	 0.999729 	 5.28505e-05 
668 	 0.104526 	 0.00216362 	 8.92202 	 0.121352 	 0.999723 	 5.47132e-05 
669 	 0.105088 	 0.00220726 	 8.92592 	 0.12138 	 0.99972 	 5.62979e-05 
670 	 0.105349 	 0.00210413 	 8.92977 	 0.121396 	 0.999719 	 5.52348e-05 
671 	 0.105779 	 0.00208447 	 8.93355 	 0.121404 	 0.999717 	 5.47435e-05 
672 	 0.104306 	 0.00200094 	 8.93729 	 0.121403 	 0.999725 	 5.07024e-05 
673 	 0.103421 	 0.00192065 	 8.94098 	 0.121392 	 0.99973 	 4.8413e-05 
674 	 0.104072 	 0.00181971 	 8.94465 	 0.121374 	 0.999727 	 4.86004e-05 
675 	 0.104544 	 0.00176471 	 8.94831 	 0.121353 	 0.999725 	 4.65041e-05 
676 	 0.103032 	 0.00196907 	 8.95193 	 0.121333 	 0.999733 	 4.98127e-05 
677 	 0.104193 	 0.00199094 	 8.95556 	 0.121312 	 0.999727 	 4.95075e-05 
678 	 0.104508 	 0.00184133 	 8.9592 	 0.121293 	 0.999726 	 4.73241e-05 
679 	 0.103841 	 0.00203939 	 8.96285 	 0.121276 	 0.999729 	 5.16934e-05 
680 	 0.104606 	 0.00226775 	 8.96653 	 0.121265 	 0.999726 	 5.69163e-05 
681 	 0.105296 	 0.00231855 	 8.97022 	 0.12126 	 0.999722 	 5.86103e-05 
682 	 0.103765 	 0.00241039 	 8.97394 	 0.121262 	 0.99973 	 6.01999e-05 
683 	 0.104066 	 0.002394 	 8.9777 	 0.121269 	 0.999729 	 6.05844e-05 
684 	 0.105433 	 0.00216713 	 8.98151 	 0.121282 	 0.999722 	 5.54013e-05 
685 	 0.10361 	 0.0020381 	 8.98534 	 0.1213 	 0.999731 	 5.24489e-05 
686 	 0.103701 	 0.00211121 	 8.9892 	 0.121324 	 0.999731 	 5.44676e-05 
687 	 0.104469 	 0.00204721 	 8.99308 	 0.121355 	 0.999728 	 5.23154e-05 
688 	 0.104159 	 0.00211044 	 8.99699 	 0.121389 	 0.99973 	 5.09881e-05 
689 	 0.104029 	 0.00226636 	 9.00095 	 0.121426 	 0.999731 	 5.37063e-05 
690 	 0.104932 	 0.00223758 	 9.00495 	 0.121464 	 0.999727 	 5.30572e-05 
691 	 0.104445 	 0.00203534 	 9.00897 	 0.121505 	 0.999729 	 4.90189e-05 
692 	 0.104862 	 0.00192908 	 9.01301 	 0.121545 	 0.999727 	 4.68296e-05 
693 	 0.104853 	 0.00206882 	 9.01708 	 0.121581 	 0.999727 	 5.16035e-05 
694 	 0.103493 	 0.00224544 	 9.02119 	 0.121617 	 0.999734 	 5.64136e-05 
695 	 0.103509 	 0.00218223 	 9.02533 	 0.121652 	 0.999735 	 5.34662e-05 
696 	 0.103812 	 0.00204158 	 9.0295 	 0.121686 	 0.999734 	 5.04476e-05 
697 	 0.104446 	 0.00202376 	 9.03369 	 0.121715 	 0.99973 	 5.13953e-05 
698 	 0.10474 	 0.00214343 	 9.03789 	 0.121741 	 0.999729 	 5.61341e-05 
699 	 0.104533 	 0.00205506 	 9.0421 	 0.121764 	 0.99973 	 5.27893e-05 
700 	 0.103188 	 0.00193775 	 9.0463 	 0.121783 	 0.999738 	 4.74775e-05 
701 	 0.103314 	 0.00216087 	 9.05049 	 0.121799 	 0.999738 	 4.91329e-05 
702 	 0.104368 	 0.00208434 	 9.05465 	 0.12181 	 0.999733 	 4.73696e-05 
703 	 0.10468 	 0.00189351 	 9.05879 	 0.121818 	 0.999731 	 4.84348e-05 
704 	 0.105262 	 0.00194774 	 9.06288 	 0.121827 	 0.999727 	 5.15986e-05 
705 	 0.104193 	 0.00192066 	 9.06692 	 0.121836 	 0.999733 	 4.92109e-05 
706 	 0.10347 	 0.00199564 	 9.07091 	 0.121846 	 0.999737 	 4.96895e-05 
707 	 0.10321 	 0.00212391 	 9.07483 	 0.121856 	 0.999739 	 5.21196e-05 
708 	 0.104474 	 0.00237326 	 9.07871 	 0.121867 	 0.999733 	 5.61485e-05 
709 	 0.105347 	 0.00229972 	 9.08252 	 0.121878 	 0.999729 	 5.42248e-05 
710 	 0.105116 	 0.00212222 	 9.08628 	 0.121889 	 0.99973 	 5.12286e-05 
711 	 0.103567 	 0.00197324 	 9.08999 	 0.1219 	 0.999738 	 4.9602e-05 
712 	 0.103474 	 0.00190013 	 9.09366 	 0.121907 	 0.999739 	 4.72566e-05 
713 	 0.102972 	 0.00186171 	 9.09726 	 0.121912 	 0.999742 	 4.35953e-05 
714 	 0.101517 	 0.00197381 	 9.10083 	 0.121912 	 0.999749 	 4.60747e-05 
715 	 0.102824 	 0.0020514 	 9.10438 	 0.121905 	 0.999743 	 4.74402e-05 
716 	 0.103733 	 0.00214181 	 9.10792 	 0.121889 	 0.999738 	 5.15042e-05 
717 	 0.10512 	 0.00207902 	 9.11145 	 0.121863 	 0.999732 	 5.1146e-05 
718 	 0.104446 	 0.00200058 	 9.11495 	 0.121827 	 0.999735 	 4.983e-05 
719 	 0.103926 	 0.00197902 	 9.11845 	 0.12178 	 0.999738 	 4.93985e-05 
720 	 0.103125 	 0.00201644 	 9.12196 	 0.121722 	 0.999742 	 4.96895e-05 
721 	 0.103584 	 0.00215463 	 9.12549 	 0.121651 	 0.99974 	 5.15433e-05 
722 	 0.103818 	 0.00205695 	 9.12904 	 0.12157 	 0.99974 	 4.8277e-05 
723 	 0.103615 	 0.00200629 	 9.13263 	 0.121477 	 0.99974 	 4.90622e-05 
724 	 0.10485 	 0.00214666 	 9.13624 	 0.121373 	 0.999734 	 5.57395e-05 
725 	 0.104811 	 0.00213391 	 9.13991 	 0.12126 	 0.999734 	 5.5573e-05 
726 	 0.104532 	 0.00218614 	 9.14363 	 0.121138 	 0.999736 	 5.36656e-05 
727 	 0.104345 	 0.00213581 	 9.14741 	 0.121008 	 0.999738 	 5.16409e-05 
728 	 0.104394 	 0.00201049 	 9.15126 	 0.120872 	 0.999738 	 4.73919e-05 
729 	 0.103203 	 0.00187964 	 9.15513 	 0.120736 	 0.999744 	 4.505e-05 
730 	 0.103689 	 0.00179589 	 9.15906 	 0.120596 	 0.999741 	 4.42366e-05 
731 	 0.103985 	 0.001808 	 9.16307 	 0.120454 	 0.99974 	 4.44318e-05 
732 	 0.102023 	 0.00197991 	 9.16711 	 0.120312 	 0.99975 	 4.67977e-05 
733 	 0.102192 	 0.00225826 	 9.17119 	 0.120172 	 0.99975 	 5.3229e-05 
734 	 0.104061 	 0.0022471 	 9.17532 	 0.120037 	 0.99974 	 5.49616e-05 
735 	 0.103955 	 0.00221189 	 9.17946 	 0.119904 	 0.999741 	 5.35148e-05 
736 	 0.103709 	 0.00216667 	 9.18363 	 0.119774 	 0.999743 	 5.3554e-05 
737 	 0.105849 	 0.00208562 	 9.18784 	 0.119648 	 0.999732 	 5.19169e-05 
738 	 0.103523 	 0.00209151 	 9.19204 	 0.119525 	 0.999745 	 4.82037e-05 
739 	 0.10287 	 0.00220152 	 9.19625 	 0.119403 	 0.999749 	 4.70601e-05 
740 	 0.103617 	 0.00206286 	 9.20049 	 0.119283 	 0.999745 	 4.62226e-05 
741 	 0.102986 	 0.00185679 	 9.20473 	 0.119158 	 0.999747 	 4.56901e-05 
742 	 0.103634 	 0.0018558 	 9.20897 	 0.119031 	 0.999744 	 4.72726e-05 
743 	 0.10477 	 0.0019655 	 9.2132 	 0.118906 	 0.999739 	 4.86055e-05 
744 	 0.1032 	 0.00190419 	 9.21743 	 0.118783 	 0.999747 	 4.57149e-05 
745 	 0.101639 	 0.00199097 	 9.22165 	 0.118658 	 0.999755 	 4.76196e-05 
746 	 0.103965 	 0.00220474 	 9.22589 	 0.118531 	 0.999744 	 5.20743e-05 
747 	 0.103655 	 0.00222208 	 9.2301 	 0.118406 	 0.999746 	 5.18001e-05 
748 	 0.104371 	 0.00224292 	 9.23428 	 0.118284 	 0.999743 	 5.10304e-05 
749 	 0.104657 	 0.00234286 	 9.23843 	 0.118167 	 0.999742 	 5.36582e-05 
750 	 0.104136 	 0.00227035 	 9.24256 	 0.118052 	 0.999744 	 5.24844e-05 
751 	 0.102658 	 0.00236911 	 9.24663 	 0.117941 	 0.999751 	 5.45676e-05 
752 	 0.103322 	 0.00232501 	 9.25065 	 0.117836 	 0.999748 	 5.39738e-05 
753 	 0.104215 	 0.00203278 	 9.25463 	 0.117737 	 0.999744 	 4.74283e-05 
754 	 0.103986 	 0.00207537 	 9.25854 	 0.117645 	 0.999746 	 4.8256e-05 
755 	 0.104087 	 0.00222273 	 9.26238 	 0.117557 	 0.999746 	 5.06587e-05 
756 	 0.102571 	 0.00201718 	 9.26617 	 0.117475 	 0.999753 	 4.59883e-05 
757 	 0.102924 	 0.00188373 	 9.26988 	 0.117398 	 0.999752 	 4.33282e-05 
758 	 0.103421 	 0.00202042 	 9.27351 	 0.117326 	 0.999749 	 4.73571e-05 
759 	 0.105335 	 0.00222281 	 9.27707 	 0.117252 	 0.99974 	 5.12617e-05 
760 	 0.105532 	 0.00225201 	 9.28054 	 0.117181 	 0.99974 	 5.10142e-05 
761 	 0.104743 	 0.00222768 	 9.28393 	 0.117109 	 0.999744 	 5.10301e-05 
762 	 0.104145 	 0.00220416 	 9.28724 	 0.117035 	 0.999747 	 4.94726e-05 
763 	 0.103511 	 0.00211857 	 9.29047 	 0.11696 	 0.99975 	 4.68288e-05 
764 	 0.103214 	 0.0021483 	 9.29361 	 0.116878 	 0.999752 	 4.631e-05 
765 	 0.103461 	 0.00199356 	 9.29668 	 0.116788 	 0.999751 	 4.35203e-05 
766 	 0.105393 	 0.00197693 	 9.29969 	 0.116692 	 0.999742 	 4.42863e-05 
767 	 0.104599 	 0.00204234 	 9.30262 	 0.116588 	 0.999745 	 4.64141e-05 
768 	 0.105016 	 0.00199843 	 9.30549 	 0.116478 	 0.999744 	 4.5072e-05 
769 	 0.104236 	 0.00219203 	 9.30831 	 0.116364 	 0.999748 	 4.86228e-05 
770 	 0.103321 	 0.00249972 	 9.31109 	 0.116246 	 0.999752 	 5.47085e-05 
771 	 0.103316 	 0.00257067 	 9.31385 	 0.116123 	 0.999753 	 5.53619e-05 
772 	 0.104473 	 0.00251667 	 9.31659 	 0.115997 	 0.999747 	 5.43203e-05 
773 	 0.104987 	 0.00250897 	 9.3193 	 0.115869 	 0.999745 	 5.46509e-05 
774 	 0.104404 	 0.00231947 	 9.32203 	 0.115746 	 0.999747 	 5.1855e-05 
775 	 0.105346 	 0.0020758 	 9.32476 	 0.115626 	 0.999743 	 4.82218e-05 
776 	 0.103653 	 0.00193453 	 9.3275 	 0.115514 	 0.999751 	 4.52961e-05 
777 	 0.102982 	 0.00199468 	 9.33028 	 0.11541 	 0.999755 	 4.32605e-05 
778 	 0.103873 	 0.00202835 	 9.33307 	 0.115316 	 0.999751 	 4.27827e-05 
779 	 0.104935 	 0.0021694 	 9.3359 	 0.115231 	 0.999746 	 4.67157e-05 
780 	 0.103995 	 0.00222957 	 9.33876 	 0.115156 	 0.99975 	 4.87124e-05 
781 	 0.105008 	 0.00226273 	 9.34166 	 0.115093 	 0.999746 	 4.96903e-05 
782 	 0.103662 	 0.00232106 	 9.3446 	 0.115042 	 0.999753 	 4.88822e-05 
783 	 0.102666 	 0.00209509 	 9.34759 	 0.115001 	 0.999757 	 4.412e-05 
784 	 0.104565 	 0.00193316 	 9.35063 	 0.11497 	 0.999749 	 4.17873e-05 
785 	 0.104167 	 0.00194445 	 9.3537 	 0.114951 	 0.999751 	 4.2164e-05 
786 	 0.104067 	 0.00208047 	 9.35681 	 0.114942 	 0.999751 	 4.53354e-05 
787 	 0.104077 	 0.0022433 	 9.35997 	 0.114943 	 0.999751 	 4.87334e-05 
788 	 0.104167 	 0.00230219 	 9.36317 	 0.114952 	 0.999751 	 4.90764e-05 
789 	 0.102753 	 0.00233691 	 9.36641 	 0.114968 	 0.999758 	 4.97465e-05 
790 	 0.103839 	 0.00218162 	 9.36969 	 0.114993 	 0.999753 	 4.71855e-05 
791 	 0.103078 	 0.0020792 	 9.37301 	 0.115024 	 0.999756 	 4.66713e-05 
792 	 0.102909 	 0.00198072 	 9.37636 	 0.115059 	 0.999757 	 4.63541e-05 
793 	 0.104907 	 0.00187388 	 9.37974 	 0.115096 	 0.999748 	 4.36925e-05 
794 	 0.104907 	 0.00198362 	 9.38314 	 0.11514 	 0.999748 	 4.46368e-05 
795 	 0.104649 	 0.00222401 	 9.38656 	 0.115187 	 0.99975 	 4.77895e-05 
796 	 0.1039 	 0.00236205 	 9.39001 	 0.115234 	 0.999754 	 4.98245e-05 
797 	 0.103684 	 0.00224388 	 9.39348 	 0.11528 	 0.999755 	 4.7058e-05 
798 	 0.10246 	 0.00200964 	 9.39694 	 0.115326 	 0.999761 	 4.32215e-05 
799 	 0.104922 	 0.00211567 	 9.40039 	 0.115369 	 0.999749 	 4.69018e-05 
800 	 0.104527 	 0.00211168 	 9.40384 	 0.115407 	 0.999751 	 4.61082e-05 
801 	 0.103637 	 0.00204877 	 9.40726 	 0.115442 	 0.999756 	 4.40934e-05 
802 	 0.104039 	 0.00228503 	 9.41066 	 0.115467 	 0.999754 	 4.76998e-05 
803 	 0.104351 	 0.00211872 	 9.41405 	 0.115485 	 0.999753 	 4.54e-05 
804 	 0.104042 	 0.00200107 	 9.41739 	 0.115495 	 0.999754 	 4.41975e-05 
805 	 0.104012 	 0.00218889 	 9.42068 	 0.115495 	 0.999754 	 4.94792e-05 
806 	 0.104957 	 0.00219969 	 9.42393 	 0.115486 	 0.99975 	 4.98302e-05 
807 	 0.102497 	 0.00216127 	 9.42715 	 0.115465 	 0.999762 	 4.73485e-05 
808 	 0.103606 	 0.00213014 	 9.43033 	 0.115429 	 0.999757 	 4.61817e-05 
809 	 0.104492 	 0.00194693 	 9.43349 	 0.115383 	 0.999753 	 4.37862e-05 
810 	 0.104816 	 0.00190407 	 9.43662 	 0.115326 	 0.999752 	 4.23683e-05 
811 	 0.103839 	 0.00227545 	 9.43971 	 0.115259 	 0.999757 	 4.81746e-05 
812 	 0.104527 	 0.0022034 	 9.44279 	 0.115182 	 0.999753 	 4.93046e-05 
813 	 0.104095 	 0.00202162 	 9.44585 	 0.115092 	 0.999755 	 4.53433e-05 
814 	 0.103579 	 0.00215341 	 9.44888 	 0.114991 	 0.999758 	 4.74692e-05 
815 	 0.104579 	 0.00220826 	 9.45189 	 0.114883 	 0.999753 	 5.02313e-05 
816 	 0.104447 	 0.00210394 	 9.45489 	 0.114767 	 0.999754 	 4.84599e-05 
817 	 0.104402 	 0.00212943 	 9.45786 	 0.114642 	 0.999754 	 4.82816e-05 
818 	 0.102756 	 0.00213484 	 9.46081 	 0.11451 	 0.999763 	 4.67791e-05 
819 	 0.103805 	 0.00199258 	 9.46373 	 0.114372 	 0.999758 	 4.247e-05 
820 	 0.102358 	 0.0019281 	 9.4666 	 0.114228 	 0.999765 	 3.99637e-05 
821 	 0.102447 	 0.00192467 	 9.46947 	 0.114077 	 0.999765 	 4.12731e-05 
822 	 0.103883 	 0.00212011 	 9.47233 	 0.113922 	 0.999758 	 4.63368e-05 
823 	 0.10442 	 0.00217725 	 9.47516 	 0.113763 	 0.999756 	 4.70063e-05 
824 	 0.103986 	 0.00223396 	 9.47798 	 0.113604 	 0.999758 	 4.80476e-05 
825 	 0.104304 	 0.00226688 	 9.48082 	 0.113445 	 0.999756 	 4.92704e-05 
826 	 0.105235 	 0.00233129 	 9.48367 	 0.113287 	 0.999752 	 5.05062e-05 
827 	 0.102671 	 0.00240494 	 9.48657 	 0.113133 	 0.999764 	 5.11212e-05 
828 	 0.104355 	 0.00226925 	 9.4895 	 0.112986 	 0.999757 	 4.88213e-05 
829 	 0.10456 	 0.00217828 	 9.49249 	 0.112845 	 0.999756 	 4.78444e-05 
830 	 0.104368 	 0.0020362 	 9.49556 	 0.112713 	 0.999757 	 4.55963e-05 
831 	 0.103559 	 0.00201392 	 9.49873 	 0.112595 	 0.999761 	 4.48472e-05 
832 	 0.104152 	 0.00207395 	 9.50199 	 0.11249 	 0.999758 	 4.58337e-05 
833 	 0.104054 	 0.00208224 	 9.50536 	 0.112396 	 0.999759 	 4.41407e-05 
834 	 0.103802 	 0.00211056 	 9.50885 	 0.112317 	 0.999761 	 4.38199e-05 
835 	 0.104497 	 0.00214527 	 9.51242 	 0.112252 	 0.999757 	 4.57937e-05 
836 	 0.103096 	 0.00205341 	 9.5161 	 0.112196 	 0.999764 	 4.58744e-05 
837 	 0.104338 	 0.00191568 	 9.51986 	 0.11215 	 0.999758 	 4.32703e-05 
838 	 0.103069 	 0.00211905 	 9.52371 	 0.112112 	 0.999764 	 4.63659e-05 
839 	 0.103747 	 0.00225748 	 9.52763 	 0.112076 	 0.999761 	 4.97725e-05 
840 	 0.104327 	 0.0022623 	 9.5316 	 0.11204 	 0.999759 	 4.94402e-05 
841 	 0.104542 	 0.00223356 	 9.5356 	 0.112003 	 0.999758 	 4.90269e-05 
842 	 0.103025 	 0.00225462 	 9.53961 	 0.111964 	 0.999765 	 4.86375e-05 
843 	 0.104345 	 0.00222606 	 9.54362 	 0.11192 	 0.999759 	 4.8061e-05 
844 	 0.105639 	 0.00229148 	 9.54761 	 0.111867 	 0.999754 	 4.82036e-05 
845 	 0.103083 	 0.00224707 	 9.5516 	 0.11181 	 0.999766 	 4.61668e-05 
846 	 0.10374 	 0.00202096 	 9.55554 	 0.111748 	 0.999763 	 4.1866e-05 
847 	 0.103369 	 0.00196168 	 9.55943 	 0.111682 	 0.999765 	 4.24457e-05 
848 	 0.101886 	 0.00213455 	 9.5633 	 0.111613 	 0.999772 	 4.50649e-05 
849 	 0.102777 	 0.00223413 	 9.56713 	 0.111544 	 0.999768 	 4.67225e-05 
850 	 0.105618 	 0.00207489 	 9.57092 	 0.111478 	 0.999755 	 4.58225e-05 
851 	 0.104103 	 0.00211658 	 9.57464 	 0.111418 	 0.999762 	 4.50805e-05 
852 	 0.103387 	 0.00236998 	 9.57832 	 0.111365 	 0.999766 	 4.86372e-05 
853 	 0.104054 	 0.00237745 	 9.58197 	 0.111321 	 0.999763 	 4.99279e-05 
854 	 0.103614 	 0.00215865 	 9.58558 	 0.111285 	 0.999765 	 4.68852e-05 
855 	 0.104254 	 0.00212105 	 9.58913 	 0.111257 	 0.999762 	 4.41186e-05 
856 	 0.104652 	 0.00214148 	 9.59263 	 0.111236 	 0.999761 	 4.44938e-05 
857 	 0.104248 	 0.00219643 	 9.59605 	 0.111224 	 0.999763 	 4.47641e-05 
858 	 0.102382 	 0.00229348 	 9.59943 	 0.111216 	 0.999771 	 4.5701e-05 
859 	 0.104444 	 0.00218454 	 9.60275 	 0.11121 	 0.999762 	 4.58087e-05 
860 	 0.104565 	 0.0022231 	 9.60601 	 0.111204 	 0.999762 	 4.63603e-05 
861 	 0.1048 	 0.00236297 	 9.60921 	 0.111196 	 0.999761 	 4.88801e-05 
862 	 0.103838 	 0.00242271 	 9.61234 	 0.111188 	 0.999765 	 5.0772e-05 
863 	 0.10348 	 0.00224984 	 9.61543 	 0.111174 	 0.999767 	 4.79917e-05 
864 	 0.10439 	 0.00214875 	 9.61844 	 0.11115 	 0.999763 	 4.57822e-05 
865 	 0.10453 	 0.00199766 	 9.62139 	 0.111116 	 0.999762 	 4.35757e-05 
866 	 0.104515 	 0.00194574 	 9.62429 	 0.111075 	 0.999763 	 4.10525e-05 
867 	 0.103027 	 0.00205533 	 9.62717 	 0.111025 	 0.99977 	 4.21864e-05 
868 	 0.103888 	 0.00219926 	 9.63004 	 0.110962 	 0.999766 	 4.39732e-05 
869 	 0.103759 	 0.00223758 	 9.63289 	 0.110888 	 0.999767 	 4.49264e-05 
870 	 0.104846 	 0.00214271 	 9.63573 	 0.110804 	 0.999762 	 4.51262e-05 
871 	 0.104504 	 0.00207978 	 9.63859 	 0.110711 	 0.999763 	 4.45584e-05 
872 	 0.104608 	 0.00214046 	 9.64148 	 0.110608 	 0.999763 	 4.64937e-05 
873 	 0.103605 	 0.00227206 	 9.64441 	 0.110499 	 0.999767 	 4.90082e-05 
874 	 0.105065 	 0.00222726 	 9.64739 	 0.110383 	 0.999761 	 4.85768e-05 
875 	 0.10608 	 0.00203067 	 9.65042 	 0.110264 	 0.999757 	 4.28543e-05 
876 	 0.103767 	 0.00202394 	 9.65354 	 0.110143 	 0.999768 	 4.11729e-05 
877 	 0.103685 	 0.00225346 	 9.65672 	 0.110019 	 0.999768 	 4.60555e-05 
878 	 0.103451 	 0.00231402 	 9.65999 	 0.109893 	 0.999769 	 4.74e-05 
879 	 0.10455 	 0.00215588 	 9.66334 	 0.109768 	 0.999765 	 4.42569e-05 
880 	 0.103898 	 0.00237081 	 9.66674 	 0.109646 	 0.999768 	 4.74094e-05 
881 	 0.10464 	 0.00233644 	 9.67024 	 0.109527 	 0.999765 	 4.6567e-05 
882 	 0.105193 	 0.00220248 	 9.6738 	 0.109413 	 0.999763 	 4.42484e-05 
883 	 0.103663 	 0.00218497 	 9.67741 	 0.109303 	 0.999769 	 4.51571e-05 
884 	 0.103734 	 0.00214451 	 9.68109 	 0.109199 	 0.999769 	 4.43561e-05 
885 	 0.104423 	 0.00211737 	 9.68481 	 0.109104 	 0.999766 	 4.36357e-05 
886 	 0.104483 	 0.00222736 	 9.68854 	 0.109018 	 0.999766 	 4.61554e-05 
887 	 0.103915 	 0.00220737 	 9.69231 	 0.108941 	 0.999769 	 4.57758e-05 
888 	 0.104735 	 0.00213486 	 9.6961 	 0.108872 	 0.999766 	 4.28031e-05 
889 	 0.103254 	 0.00227947 	 9.69988 	 0.108809 	 0.999772 	 4.42434e-05 
890 	 0.104828 	 0.00229852 	 9.70368 	 0.108754 	 0.999766 	 4.50761e-05 
891 	 0.105479 	 0.00226459 	 9.70744 	 0.108704 	 0.999763 	 4.507e-05 
892 	 0.104112 	 0.00221786 	 9.71116 	 0.108657 	 0.999769 	 4.49237e-05 
893 	 0.104041 	 0.00211342 	 9.71484 	 0.108614 	 0.999769 	 4.33478e-05 
894 	 0.105583 	 0.0021075 	 9.71849 	 0.108571 	 0.999763 	 4.3307e-05 
895 	 0.104542 	 0.00224845 	 9.72209 	 0.108527 	 0.999768 	 4.50554e-05 
896 	 0.103582 	 0.0022281 	 9.72563 	 0.108484 	 0.999772 	 4.46686e-05 
897 	 0.105018 	 0.00216023 	 9.72909 	 0.108439 	 0.999766 	 4.39673e-05 
898 	 0.101968 	 0.00209119 	 9.73249 	 0.108392 	 0.999779 	 4.26013e-05 
899 	 0.102162 	 0.00197237 	 9.73582 	 0.108346 	 0.999778 	 4.13398e-05 
900 	 0.104653 	 0.00177872 	 9.7391 	 0.108302 	 0.999767 	 3.92218e-05 
901 	 0.105261 	 0.00190365 	 9.74232 	 0.108261 	 0.999765 	 3.7859e-05 
902 	 0.104247 	 0.0022951 	 9.74546 	 0.108223 	 0.999771 	 4.19675e-05 
903 	 0.104522 	 0.00227396 	 9.74856 	 0.10819 	 0.999769 	 4.27391e-05 
904 	 0.103568 	 0.00237261 	 9.75161 	 0.108165 	 0.999773 	 4.61165e-05 
905 	 0.102932 	 0.00253374 	 9.75463 	 0.10815 	 0.999776 	 4.98967e-05 
906 	 0.104773 	 0.00250309 	 9.75762 	 0.108147 	 0.999768 	 4.98487e-05 
907 	 0.105013 	 0.00227987 	 9.76058 	 0.108157 	 0.999767 	 4.5971e-05 
908 	 0.103985 	 0.00222902 	 9.7635 	 0.108177 	 0.999772 	 4.46041e-05 
909 	 0.102436 	 0.00220768 	 9.76642 	 0.108208 	 0.999779 	 4.3683e-05 
910 	 0.102974 	 0.00205479 	 9.76934 	 0.10825 	 0.999777 	 4.05227e-05 
911 	 0.103106 	 0.00198865 	 9.77225 	 0.108305 	 0.999776 	 3.93839e-05 
912 	 0.104703 	 0.00198887 	 9.77517 	 0.10837 	 0.999769 	 4.00741e-05 
913 	 0.10423 	 0.00212624 	 9.77807 	 0.108442 	 0.999772 	 4.10148e-05 
914 	 0.103279 	 0.00221066 	 9.78095 	 0.108522 	 0.999776 	 4.29243e-05 
915 	 0.104886 	 0.00237072 	 9.78383 	 0.108605 	 0.999769 	 4.67515e-05 
916 	 0.105089 	 0.00225623 	 9.7867 	 0.108692 	 0.999768 	 4.47281e-05 
917 	 0.104325 	 0.00210935 	 9.78952 	 0.10878 	 0.999772 	 4.1873e-05 
918 	 0.102203 	 0.00205248 	 9.79234 	 0.108867 	 0.999781 	 4.0712e-05 
919 	 0.103035 	 0.00204864 	 9.79515 	 0.108953 	 0.999778 	 4.09994e-05 
920 	 0.103507 	 0.00206447 	 9.79796 	 0.109035 	 0.999775 	 4.32201e-05 
921 	 0.10452 	 0.002051 	 9.80074 	 0.109112 	 0.999771 	 4.32527e-05 
922 	 0.10488 	 0.00227744 	 9.8035 	 0.109186 	 0.99977 	 4.67118e-05 
923 	 0.104389 	 0.00236108 	 9.80626 	 0.109258 	 0.999772 	 4.89242e-05 
924 	 0.104326 	 0.00242287 	 9.80903 	 0.109326 	 0.999772 	 4.97453e-05 
925 	 0.104818 	 0.0021993 	 9.81183 	 0.109391 	 0.99977 	 4.46775e-05 
926 	 0.105109 	 0.00219011 	 9.81465 	 0.109454 	 0.99977 	 4.27079e-05 
927 	 0.103876 	 0.00224261 	 9.81748 	 0.109516 	 0.999775 	 4.44592e-05 
928 	 0.104185 	 0.00218791 	 9.82034 	 0.109578 	 0.999774 	 4.41198e-05 
929 	 0.103444 	 0.00208027 	 9.82323 	 0.10964 	 0.999777 	 4.22142e-05 
930 	 0.103613 	 0.00214009 	 9.82615 	 0.109699 	 0.999777 	 4.18522e-05 
931 	 0.103799 	 0.00228809 	 9.8291 	 0.109757 	 0.999776 	 4.44194e-05 
932 	 0.104771 	 0.00223444 	 9.83206 	 0.109812 	 0.999772 	 4.49929e-05 
933 	 0.104001 	 0.00209889 	 9.83502 	 0.109867 	 0.999775 	 4.23206e-05 
934 	 0.104015 	 0.00221306 	 9.83802 	 0.10992 	 0.999775 	 4.52372e-05 
935 	 0.105244 	 0.00225661 	 9.84101 	 0.109969 	 0.99977 	 4.49259e-05 
936 	 0.103676 	 0.00221096 	 9.84402 	 0.110012 	 0.999777 	 4.28243e-05 
937 	 0.104315 	 0.00213107 	 9.84703 	 0.110052 	 0.999774 	 4.3137e-05 
938 	 0.104035 	 0.00194813 	 9.85005 	 0.11009 	 0.999776 	 3.9633e-05 
939 	 0.103127 	 0.00199867 	 9.85309 	 0.110126 	 0.99978 	 3.85465e-05 
940 	 0.104387 	 0.00219557 	 9.85617 	 0.11016 	 0.999774 	 4.41879e-05 
941 	 0.105643 	 0.00213403 	 9.85928 	 0.110196 	 0.999769 	 4.47567e-05 
942 	 0.104502 	 0.00185158 	 9.8624 	 0.110237 	 0.999774 	 3.90324e-05 
943 	 0.104237 	 0.00194209 	 9.86557 	 0.110283 	 0.999775 	 4.01177e-05 
944 	 0.105104 	 0.00212923 	 9.86879 	 0.110336 	 0.999772 	 4.21808e-05 
945 	 0.103681 	 0.00229703 	 9.87206 	 0.1104 	 0.999778 	 4.50614e-05 
946 	 0.104864 	 0.00236078 	 9.87536 	 0.110473 	 0.999773 	 4.73502e-05 
947 	 0.105867 	 0.00210833 	 9.87871 	 0.110557 	 0.999769 	 4.35368e-05 
948 	 0.104327 	 0.00202844 	 9.8821 	 0.110654 	 0.999776 	 4.0937e-05 
949 	 0.10284 	 0.00222667 	 9.88554 	 0.110767 	 0.999782 	 4.4319e-05 
950 	 0.104965 	 0.00220317 	 9.88905 	 0.110895 	 0.999773 	 4.39945e-05 
951 	 0.105292 	 0.00216876 	 9.89258 	 0.111034 	 0.999772 	 4.22918e-05 
952 	 0.104747 	 0.0023482 	 9.89614 	 0.111187 	 0.999775 	 4.57833e-05 
953 	 0.105165 	 0.00226169 	 9.89973 	 0.111351 	 0.999773 	 4.39853e-05 
954 	 0.104964 	 0.0020571 	 9.90336 	 0.111527 	 0.999774 	 4.25697e-05 
955 	 0.103633 	 0.00187204 	 9.907 	 0.111714 	 0.999779 	 4.03703e-05 
956 	 0.103703 	 0.00168874 	 9.91068 	 0.11191 	 0.999779 	 3.58914e-05 
957 	 0.105649 	 0.00183696 	 9.91436 	 0.112115 	 0.999772 	 3.74688e-05 
958 	 0.104991 	 0.0021404 	 9.91806 	 0.112327 	 0.999775 	 4.20066e-05 
959 	 0.104798 	 0.00238255 	 9.92177 	 0.112545 	 0.999776 	 4.58945e-05 
960 	 0.104965 	 0.00239274 	 9.92547 	 0.112768 	 0.999775 	 4.59918e-05 
961 	 0.104783 	 0.00210819 	 9.92916 	 0.112998 	 0.999776 	 4.09047e-05 
962 	 0.10492 	 0.00214861 	 9.93284 	 0.113233 	 0.999775 	 4.30997e-05 
963 	 0.106026 	 0.00237268 	 9.93654 	 0.11347 	 0.999771 	 4.83684e-05 
964 	 0.104895 	 0.00243492 	 9.94021 	 0.113714 	 0.999776 	 4.87642e-05 
965 	 0.104335 	 0.00224321 	 9.94386 	 0.113959 	 0.999778 	 4.46585e-05 
966 	 0.105085 	 0.00217008 	 9.94751 	 0.114204 	 0.999776 	 4.22998e-05 
967 	 0.104047 	 0.00231511 	 9.95113 	 0.114449 	 0.99978 	 4.50169e-05 
968 	 0.1042 	 0.00225237 	 9.95472 	 0.114691 	 0.99978 	 4.40963e-05 
969 	 0.104426 	 0.00206011 	 9.9583 	 0.114927 	 0.999779 	 4.1205e-05 
970 	 0.105286 	 0.00215686 	 9.96184 	 0.115156 	 0.999775 	 4.28234e-05 
971 	 0.104798 	 0.00241791 	 9.96535 	 0.115372 	 0.999777 	 4.72475e-05 
972 	 0.105392 	 0.00234626 	 9.96883 	 0.115573 	 0.999775 	 4.68178e-05 
973 	 0.105226 	 0.00215063 	 9.97228 	 0.115758 	 0.999776 	 4.28522e-05 
974 	 0.103591 	 0.00204465 	 9.97569 	 0.115924 	 0.999783 	 3.96669e-05 
975 	 0.104764 	 0.00198893 	 9.97907 	 0.11607 	 0.999778 	 3.96237e-05 
976 	 0.104608 	 0.00203517 	 9.98244 	 0.116193 	 0.999779 	 4.29249e-05 
977 	 0.104735 	 0.00213527 	 9.98579 	 0.11629 	 0.999778 	 4.52288e-05 
978 	 0.10545 	 0.00211215 	 9.9891 	 0.116365 	 0.999775 	 4.52353e-05 
979 	 0.106063 	 0.0020497 	 9.9924 	 0.116417 	 0.999773 	 4.377e-05 
980 	 0.104028 	 0.00218419 	 9.99568 	 0.116447 	 0.999782 	 4.34654e-05 
981 	 0.103923 	 0.00224545 	 9.99897 	 0.116455 	 0.999783 	 4.31265e-05 
982 	 0.105376 	 0.00208951 	 10.0022 	 0.116445 	 0.999777 	 4.19042e-05 
983 	 0.104041 	 0.00197588 	 10.0055 	 0.116416 	 0.999782 	 3.92708e-05 
984 	 0.103505 	 0.00208902 	 10.0088 	 0.11637 	 0.999785 	 4.05562e-05 
985 	 0.103874 	 0.00213799 	 10.012 	 0.116312 	 0.999783 	 4.26551e-05 
986 	 0.10423 	 0.00212364 	 10.0152 	 0.116242 	 0.999782 	 4.20259e-05 
987 	 0.104148 	 0.00222104 	 10.0184 	 0.116164 	 0.999782 	 4.36433e-05 
988 	 0.104749 	 0.00227697 	 10.0216 	 0.116076 	 0.99978 	 4.3635e-05 
989 	 0.103612 	 0.00214889 	 10.0247 	 0.115983 	 0.999785 	 4.14143e-05 
990 	 0.103565 	 0.00220471 	 10.0278 	 0.115887 	 0.999785 	 4.34582e-05 
991 	 0.103912 	 0.0022158 	 10.0309 	 0.115786 	 0.999784 	 4.43493e-05 
992 	 0.10385 	 0.00218833 	 10.034 	 0.11568 	 0.999784 	 4.31725e-05 
993 	 0.104524 	 0.00212116 	 10.037 	 0.115571 	 0.999782 	 4.23228e-05 
994 	 0.104995 	 0.00205583 	 10.04 	 0.11546 	 0.99978 	 4.26444e-05 
995 	 0.104604 	 0.00216271 	 10.0429 	 0.11535 	 0.999781 	 4.38165e-05 
996 	 0.104284 	 0.00221306 	 10.0458 	 0.115237 	 0.999783 	 4.40341e-05 
997 	 0.105326 	 0.00216015 	 10.0487 	 0.115121 	 0.999779 	 4.25643e-05 
998 	 0.104459 	 0.00200057 	 10.0516 	 0.115006 	 0.999783 	 3.90383e-05 
999 	 0.103282 	 0.00193772 	 10.0544 	 0.114896 	 0.999788 	 3.85792e-05 
1000 	 0.104079 	 0.00186823 	 10.0573 	 0.114789 	 0.999784 	 3.9328e-05 