#data for Fig. 3(e). 
#index = 0: J_perp = 4t, J_parallel = 0t
#index = 1: J_perp = 4t, J_parallel = 4t

#Chh_asymp: asymptotic full hole-hole correlator
#Chh_disc_asymp: asymptotic disconnected hole-hole correlator

#the graphs are produced by plotting Chh_asymp / Chh_disc_asymp vs. Delta.

Nx 	  J_perp J_par Delta Chh_asymp Chh_disc_asymp

201 	 4 	 0 	 0 	 0.113341 	 0.0280671
201 	 4 	 0 	 0.5 	 0.143151 	 0.0552937
201 	 4 	 0 	 1 	 0.115174 	 0.0533151
201 	 4 	 0 	 1.5 	 0.0972394 	 0.0508524
201 	 4 	 0 	 2 	 0.0843011 	 0.0481676
201 	 4 	 0 	 2.5 	 0.0722669 	 0.0454044
201 	 4 	 0 	 3 	 0.0616906 	 0.0426865
201 	 4 	 0 	 3.5 	 0.0524956 	 0.040042
201 	 4 	 0 	 4 	 0.0444922 	 0.0374765
201 	 4 	 0 	 4.5 	 0.0372995 	 0.0350277
201 	 4 	 0 	 5 	 0.0311049 	 0.0327117
201 	 4 	 0 	 5.5 	 0.0259636 	 0.0305315
201 	 4 	 0 	 6 	 0.0214781 	 0.0284942
201 	 4 	 0 	 6.5 	 0.0178555 	 0.0266023
201 	 4 	 0 	 7 	 0.014699 	 0.0248355
201 	 4 	 0 	 7.5 	 0.0121581 	 0.0231929
201 	 4 	 0 	 8 	 0.0100666 	 0.0216664
201 	 4 	 0 	 8.5 	 0.00830832 	 0.0202559
201 	 4 	 0 	 9 	 0.00675798 	 0.0189521
201 	 4 	 0 	 9.5 	 0.00555658 	 0.0177376
201 	 4 	 0 	 10 	 0.00454756 	 0.0166093
201 	 4 	 0 	 10.5 	 0.00371442 	 0.0155701
201 	 4 	 0 	 11 	 0.00306921 	 0.0146067
201 	 4 	 0 	 11.5 	 0.00250381 	 0.0137201
201 	 4 	 0 	 12 	 0.00202967 	 0.0128939
201 	 4 	 0 	 12.5 	 0.00164001 	 0.012125
201 	 4 	 0 	 13 	 0.0013317 	 0.0114135
201 	 4 	 0 	 13.5 	 0.00108494 	 0.0107523
201 	 4 	 0 	 14 	 0.000881008 	 0.0101388
201 	 4 	 0 	 14.5 	 0.000697841 	 0.00956906
201 	 4 	 0 	 15 	 0.000570975 	 0.0090374
201 	 4 	 0 	 15.5 	 0.000464284 	 0.00853853
201 	 4 	 0 	 16 	 0.000385253 	 0.0080693
201 	 4 	 0 	 16.5 	 0.000318188 	 0.00762996
201 	 4 	 0 	 17 	 0.000256376 	 0.00721962
201 	 4 	 0 	 17.5 	 0.00020529 	 0.00683563
201 	 4 	 0 	 18 	 0.000170898 	 0.0064753
201 	 4 	 0 	 18.5 	 0.000138047 	 0.00613799
201 	 4 	 0 	 19 	 0.000115314 	 0.00581983
201 	 4 	 0 	 19.5 	 9.78725e-05 	 0.00552082
201 	 4 	 0 	 20 	 7.82235e-05 	 0.00523982
201 	 4 	 0 	 20.5 	 6.14118e-05 	 0.0049755
201 	 4 	 0 	 21 	 4.64275e-05 	 0.00472686
201 	 4 	 0 	 21.5 	 3.56569e-05 	 0.00449315
201 	 4 	 0 	 22 	 2.78294e-05 	 0.00427324
201 	 4 	 0 	 22.5 	 2.21961e-05 	 0.00406525
201 	 4 	 0 	 23 	 1.79314e-05 	 0.00386942
201 	 4 	 0 	 23.5 	 1.45922e-05 	 0.00368567
201 	 4 	 0 	 24 	 1.12275e-05 	 0.00351359
201 	 4 	 0 	 24.5 	 6.97255e-06 	 0.00335211
201 	 4 	 0 	 25 	 4.98627e-06 	 0.00320184
201 	 4 	 0 	 25.5 	 3.42353e-06 	 0.00305963
201 	 4 	 0 	 26 	 2.39412e-06 	 0.00292474
201 	 4 	 0 	 26.5 	 1.51569e-06 	 0.0027987
201 	 4 	 0 	 27 	 1.25686e-06 	 0.00268079
201 	 4 	 0 	 27.5 	 6.17647e-07 	 0.00256989
201 	 4 	 0 	 28 	 4.23529e-07 	 0.00246542
201 	 4 	 0 	 28.5 	 3.66667e-07 	 0.00236586
201 	 4 	 0 	 29 	 2.64706e-07 	 0.00227093
201 	 4 	 0 	 29.5 	 1.39216e-07 	 0.002181
201 	 4 	 0 	 30 	 6.86275e-08 	 0.00209575
201 	 4 	 0 	 30.5 	 1.31373e-07 	 0.00201465
201 	 4 	 0 	 31 	 1.27451e-07 	 0.00193807
201 	 4 	 0 	 31.5 	 3.33333e-08 	 0.00186551
201 	 4 	 0 	 32 	 7.84314e-09 	 0.00179612
201 	 4 	 0 	 32.5 	 1.09804e-07 	 0.00173003
201 	 4 	 0 	 33 	 2.35294e-08 	 0.00166716
201 	 4 	 0 	 33.5 	 0 	 0.00160711
201 	 4 	 0 	 34 	 0 	 0.00154974
201 	 4 	 0 	 34.5 	 1.96078e-09 	 0.00149559
201 	 4 	 0 	 35 	 0 	 0.00144436
201 	 4 	 0 	 35.5 	 0 	 0.00139617
201 	 4 	 0 	 36 	 0 	 0.00135041
201 	 4 	 0 	 36.5 	 0 	 0.00130689
201 	 4 	 0 	 37 	 0 	 0.00126554
201 	 4 	 0 	 37.5 	 0 	 0.00122595
201 	 4 	 0 	 38 	 0 	 0.00118799
201 	 4 	 0 	 38.5 	 0 	 0.001151
201 	 4 	 0 	 39 	 0 	 0.00111545
201 	 4 	 0 	 39.5 	 0 	 0.00108174
201 	 4 	 0 	 40 	 0 	 0.0010498
201 	 4 	 0 	 40.5 	 0 	 0.00101982
201 	 4 	 0 	 41 	 0 	 0.000990909
201 	 4 	 0 	 41.5 	 0 	 0.000963069
201 	 4 	 0 	 42 	 0 	 0.000936275
201 	 4 	 0 	 42.5 	 0 	 0.000909978
201 	 4 	 0 	 43 	 0 	 0.000884168
201 	 4 	 0 	 43.5 	 0 	 0.000858888
201 	 4 	 0 	 44 	 0 	 0.000833797
201 	 4 	 0 	 44.5 	 0 	 0.000809124
201 	 4 	 0 	 45 	 0 	 0.000784629
201 	 4 	 0 	 45.5 	 0 	 0.000760019
201 	 4 	 0 	 46 	 0 	 0.000735033
201 	 4 	 0 	 46.5 	 0 	 0.000709399
201 	 4 	 0 	 47 	 0 	 0.000682527
201 	 4 	 0 	 47.5 	 0 	 0.000654299
201 	 4 	 0 	 48 	 0 	 0.000624076
201 	 4 	 0 	 48.5 	 0 	 0.000590657
201 	 4 	 0 	 49 	 0 	 0.000553193
201 	 4 	 0 	 49.5 	 0 	 0.000510653
201 	 4 	 0 	 50 	 0 	 0.000460129
201 	 4 	 0 	 50.5 	 0 	 0.000402299
201 	 4 	 0 	 51 	 0 	 0.000353391
201 	 4 	 0 	 51.5 	 0 	 0.000314124
201 	 4 	 0 	 52 	 0 	 0.000280808
201 	 4 	 0 	 52.5 	 0 	 0.000252252
201 	 4 	 0 	 53 	 0 	 0.000227718
201 	 4 	 0 	 53.5 	 0 	 0.000206173
201 	 4 	 0 	 54 	 0 	 0.000187056
201 	 4 	 0 	 54.5 	 0 	 0.000170305
201 	 4 	 0 	 55 	 0 	 0.000155468
201 	 4 	 0 	 55.5 	 0 	 0.000142261
201 	 4 	 0 	 56 	 0 	 0.000130493
201 	 4 	 0 	 56.5 	 0 	 0.000120012
201 	 4 	 0 	 57 	 0 	 0.000110457
201 	 4 	 0 	 57.5 	 0 	 0.000101929
201 	 4 	 0 	 58 	 0 	 9.41621e-05
201 	 4 	 0 	 58.5 	 0 	 8.71781e-05
201 	 4 	 0 	 59 	 0 	 8.08276e-05
201 	 4 	 0 	 59.5 	 0 	 7.49772e-05
201 	 4 	 0 	 60 	 0 	 6.96463e-05
201 	 4 	 0 	 60.5 	 0 	 6.48538e-05
201 	 4 	 0 	 61 	 0 	 6.03758e-05
201 	 4 	 0 	 61.5 	 0 	 5.63545e-05
201 	 4 	 0 	 62 	 0 	 5.25545e-05
201 	 4 	 0 	 62.5 	 0 	 4.90799e-05
201 	 4 	 0 	 63 	 0 	 4.58947e-05
201 	 4 	 0 	 63.5 	 0 	 4.29332e-05
201 	 4 	 0 	 64 	 0 	 4.01925e-05
201 	 4 	 0 	 64.5 	 0 	 3.76584e-05
201 	 4 	 0 	 65 	 0 	 3.52822e-05
201 	 4 	 0 	 65.5 	 0 	 3.306e-05
201 	 4 	 0 	 66 	 0 	 3.09935e-05
201 	 4 	 0 	 66.5 	 0 	 2.90845e-05
201 	 4 	 0 	 67 	 0 	 2.73094e-05
201 	 4 	 0 	 67.5 	 0 	 2.56635e-05
201 	 4 	 0 	 68 	 0 	 2.4104e-05
201 	 4 	 0 	 68.5 	 0 	 2.26745e-05
201 	 4 	 0 	 69 	 0 	 2.13132e-05
201 	 4 	 0 	 69.5 	 0 	 2.00567e-05
201 	 4 	 0 	 70 	 0 	 1.88813e-05
201 	 4 	 0 	 70.5 	 0 	 1.77807e-05
201 	 4 	 0 	 71 	 0 	 1.67535e-05
201 	 4 	 0 	 71.5 	 0 	 1.5794e-05
201 	 4 	 0 	 72 	 0 	 1.48952e-05
201 	 4 	 0 	 72.5 	 0 	 1.40459e-05
201 	 4 	 0 	 73 	 0 	 1.32594e-05
201 	 4 	 0 	 73.5 	 0 	 1.25245e-05
201 	 4 	 0 	 74 	 0 	 1.18405e-05
201 	 4 	 0 	 74.5 	 0 	 1.1192e-05
201 	 4 	 0 	 75 	 0 	 1.0594e-05
201 	 4 	 0 	 75.5 	 0 	 1.00156e-05
201 	 4 	 0 	 76 	 0 	 9.46681e-06
201 	 4 	 0 	 76.5 	 0 	 8.96593e-06
201 	 4 	 0 	 77 	 0 	 8.48847e-06
201 	 4 	 0 	 77.5 	 0 	 8.03496e-06
201 	 4 	 0 	 78 	 0 	 7.60544e-06
201 	 4 	 0 	 78.5 	 0 	 7.19181e-06
201 	 4 	 0 	 79 	 0 	 6.80086e-06
201 	 4 	 0 	 79.5 	 0 	 6.43443e-06
201 	 4 	 0 	 80 	 0 	 6.08762e-06
201 	 4 	 0 	 80.5 	 0 	 5.75648e-06
201 	 4 	 0 	 81 	 0 	 5.44896e-06
201 	 4 	 0 	 81.5 	 0 	 5.15378e-06
201 	 4 	 0 	 82 	 0 	 4.87136e-06
201 	 4 	 0 	 82.5 	 0 	 4.60577e-06
201 	 4 	 0 	 83 	 0 	 4.35427e-06
201 	 4 	 0 	 83.5 	 0 	 4.11493e-06
201 	 4 	 0 	 84 	 0 	 3.88775e-06
201 	 4 	 0 	 84.5 	 0 	 3.67724e-06
201 	 4 	 0 	 85 	 0 	 3.47538e-06
201 	 4 	 0 	 85.5 	 0 	 3.28672e-06
201 	 4 	 0 	 86 	 0 	 3.10364e-06
201 	 4 	 0 	 86.5 	 0 	 2.92858e-06
201 	 4 	 0 	 87 	 0 	 2.76276e-06
201 	 4 	 0 	 87.5 	 0 	 2.60082e-06
201 	 4 	 0 	 88 	 0 	 2.44824e-06
201 	 4 	 0 	 88.5 	 0 	 2.29751e-06
201 	 4 	 0 	 89 	 0 	 2.15821e-06
201 	 4 	 0 	 89.5 	 0 	 2.02738e-06
201 	 4 	 0 	 90 	 0 	 1.90337e-06
201 	 4 	 0 	 90.5 	 0 	 1.78617e-06
201 	 4 	 0 	 91 	 0 	 1.66947e-06
201 	 4 	 0 	 91.5 	 0 	 1.55719e-06
201 	 4 	 0 	 92 	 0 	 1.44977e-06
201 	 4 	 0 	 92.5 	 0 	 1.34263e-06
201 	 4 	 0 	 93 	 0 	 1.241e-06
201 	 4 	 0 	 93.5 	 0 	 1.143e-06
201 	 4 	 0 	 94 	 0 	 1.04797e-06
201 	 4 	 0 	 94.5 	 0 	 9.56707e-07
201 	 4 	 0 	 95 	 0 	 8.69308e-07
201 	 4 	 0 	 95.5 	 0 	 7.83464e-07
201 	 4 	 0 	 96 	 0 	 6.99421e-07
201 	 4 	 0 	 96.5 	 0 	 6.17497e-07
201 	 4 	 0 	 97 	 0 	 5.35743e-07
201 	 4 	 0 	 97.5 	 0 	 4.55838e-07
201 	 4 	 0 	 98 	 0 	 3.76363e-07
201 	 4 	 0 	 98.5 	 0 	 2.97026e-07
201 	 4 	 0 	 99 	 0 	 2.18882e-07
201 	 4 	 0 	 99.5 	 0 	 1.41431e-07
201 	 4 	 0 	 100 	 0 	 7.10766e-08


201 	 4 	 4 	 0 	 0.116414 	 0.0593261
201 	 4 	 4 	 0.5 	 0.176686 	 0.112097
201 	 4 	 4 	 1 	 0.141068 	 0.102728
201 	 4 	 4 	 1.5 	 0.115182 	 0.0922668
201 	 4 	 4 	 2 	 0.0927075 	 0.0819597
201 	 4 	 4 	 2.5 	 0.074405 	 0.072031
201 	 4 	 4 	 3 	 0.0599152 	 0.0632468
201 	 4 	 4 	 3.5 	 0.0477463 	 0.0553908
201 	 4 	 4 	 4 	 0.0378979 	 0.0482769
201 	 4 	 4 	 4.5 	 0.0303468 	 0.0418446
201 	 4 	 4 	 5 	 0.0236793 	 0.0362927
201 	 4 	 4 	 5.5 	 0.0184881 	 0.0314348
201 	 4 	 4 	 6 	 0.0144186 	 0.0271792
201 	 4 	 4 	 6.5 	 0.0112827 	 0.0235388
201 	 4 	 4 	 7 	 0.00879071 	 0.0203244
201 	 4 	 4 	 7.5 	 0.00703284 	 0.0176124
201 	 4 	 4 	 8 	 0.00538232 	 0.0152178
201 	 4 	 4 	 8.5 	 0.00424662 	 0.0131673
201 	 4 	 4 	 9 	 0.00324656 	 0.0113924
201 	 4 	 4 	 9.5 	 0.00243805 	 0.00988062
201 	 4 	 4 	 10 	 0.00186959 	 0.00854906
201 	 4 	 4 	 10.5 	 0.00145919 	 0.00739949
201 	 4 	 4 	 11 	 0.00116071 	 0.00640354
201 	 4 	 4 	 11.5 	 0.000912951 	 0.0055529
201 	 4 	 4 	 12 	 0.000712196 	 0.00481931
201 	 4 	 4 	 12.5 	 0.000568831 	 0.00417872
201 	 4 	 4 	 13 	 0.00043529 	 0.00363885
201 	 4 	 4 	 13.5 	 0.000334782 	 0.00315891
201 	 4 	 4 	 14 	 0.000294267 	 0.00274853
201 	 4 	 4 	 14.5 	 0.000218682 	 0.00238586
201 	 4 	 4 	 15 	 0.000169794 	 0.0020751
201 	 4 	 4 	 15.5 	 0.000124543 	 0.0018101
201 	 4 	 4 	 16 	 8.61745e-05 	 0.00157628
201 	 4 	 4 	 16.5 	 6.71059e-05 	 0.00136778
201 	 4 	 4 	 17 	 5.36078e-05 	 0.00118521
201 	 4 	 4 	 17.5 	 3.71843e-05 	 0.00102985
201 	 4 	 4 	 18 	 2.69353e-05 	 0.00089175
201 	 4 	 4 	 18.5 	 1.75549e-05 	 0.000773791
201 	 4 	 4 	 19 	 1.06588e-05 	 0.000673123
201 	 4 	 4 	 19.5 	 7.0098e-06 	 0.000584031
201 	 4 	 4 	 20 	 4.90392e-06 	 0.000506243
201 	 4 	 4 	 20.5 	 3.78431e-06 	 0.000439458
201 	 4 	 4 	 21 	 2.77059e-06 	 0.000383699
201 	 4 	 4 	 21.5 	 2.59804e-06 	 0.000336122
201 	 4 	 4 	 22 	 3.17843e-06 	 0.00029519
201 	 4 	 4 	 22.5 	 1.43725e-06 	 0.000255887
201 	 4 	 4 	 23 	 2.64706e-07 	 0.000222354
201 	 4 	 4 	 23.5 	 1.66667e-07 	 0.000193603
201 	 4 	 4 	 24 	 3.92157e-08 	 0.00016799
201 	 4 	 4 	 24.5 	 1.37255e-08 	 0.00014571
201 	 4 	 4 	 25 	 4.5098e-08 	 0.000127184
201 	 4 	 4 	 25.5 	 4.70588e-08 	 0.000111305
201 	 4 	 4 	 26 	 0 	 9.73215e-05
201 	 4 	 4 	 26.5 	 0 	 8.52004e-05
201 	 4 	 4 	 27 	 1.17647e-08 	 7.5471e-05
201 	 4 	 4 	 27.5 	 2.94118e-08 	 6.53067e-05
201 	 4 	 4 	 28 	 3.92157e-09 	 5.67385e-05
201 	 4 	 4 	 28.5 	 0 	 4.92852e-05
201 	 4 	 4 	 29 	 0 	 4.28959e-05
201 	 4 	 4 	 29.5 	 0 	 3.73408e-05
201 	 4 	 4 	 30 	 0 	 3.24782e-05
201 	 4 	 4 	 30.5 	 0 	 2.80688e-05
201 	 4 	 4 	 31 	 0 	 2.41766e-05
201 	 4 	 4 	 31.5 	 0 	 2.06996e-05
201 	 4 	 4 	 32 	 0 	 1.77233e-05
201 	 4 	 4 	 32.5 	 0 	 1.51984e-05
201 	 4 	 4 	 33 	 0 	 1.29688e-05
201 	 4 	 4 	 33.5 	 0 	 1.11008e-05
201 	 4 	 4 	 34 	 0 	 9.46787e-06
201 	 4 	 4 	 34.5 	 0 	 7.93685e-06
201 	 4 	 4 	 35 	 0 	 6.64479e-06
201 	 4 	 4 	 35.5 	 0 	 5.55558e-06
201 	 4 	 4 	 36 	 0 	 4.57648e-06
201 	 4 	 4 	 36.5 	 0 	 3.77039e-06
201 	 4 	 4 	 37 	 0 	 3.11137e-06
201 	 4 	 4 	 37.5 	 0 	 2.5724e-06
201 	 4 	 4 	 38 	 0 	 2.13787e-06
201 	 4 	 4 	 38.5 	 0 	 1.7707e-06
201 	 4 	 4 	 39 	 0 	 1.47296e-06
201 	 4 	 4 	 39.5 	 0 	 1.22512e-06
201 	 4 	 4 	 40 	 0 	 1.02394e-06
201 	 4 	 4 	 40.5 	 0 	 8.53738e-07
201 	 4 	 4 	 41 	 0 	 7.14242e-07
201 	 4 	 4 	 41.5 	 0 	 5.96942e-07
201 	 4 	 4 	 42 	 0 	 4.99696e-07
201 	 4 	 4 	 42.5 	 0 	 4.17927e-07
201 	 4 	 4 	 43 	 0 	 3.50842e-07
201 	 4 	 4 	 43.5 	 0 	 2.94476e-07
201 	 4 	 4 	 44 	 0 	 2.47134e-07
201 	 4 	 4 	 44.5 	 0 	 2.081e-07
201 	 4 	 4 	 45 	 0 	 1.74554e-07
201 	 4 	 4 	 45.5 	 0 	 1.46724e-07
201 	 4 	 4 	 46 	 0 	 1.23405e-07
201 	 4 	 4 	 46.5 	 0 	 1.03543e-07
201 	 4 	 4 	 47 	 0 	 8.69852e-08
201 	 4 	 4 	 47.5 	 0 	 7.29409e-08
201 	 4 	 4 	 48 	 0 	 6.13849e-08
201 	 4 	 4 	 48.5 	 0 	 5.14675e-08
201 	 4 	 4 	 49 	 0 	 4.34744e-08
201 	 4 	 4 	 49.5 	 0 	 3.64822e-08
201 	 4 	 4 	 50 	 0 	 3.06029e-08
201 	 4 	 4 	 50.5 	 0 	 2.57518e-08
201 	 4 	 4 	 51 	 0 	 2.15735e-08
201 	 4 	 4 	 51.5 	 0 	 1.81956e-08
201 	 4 	 4 	 52 	 0 	 1.53264e-08
201 	 4 	 4 	 52.5 	 0 	 1.28208e-08
201 	 4 	 4 	 53 	 0 	 1.07636e-08
201 	 4 	 4 	 53.5 	 0 	 8.98939e-09
201 	 4 	 4 	 54 	 0 	 7.56449e-09
201 	 4 	 4 	 54.5 	 0 	 6.33858e-09
201 	 4 	 4 	 55 	 0 	 5.32842e-09
201 	 4 	 4 	 55.5 	 0 	 4.51035e-09
201 	 4 	 4 	 56 	 0 	 3.75531e-09
201 	 4 	 4 	 56.5 	 0 	 3.10219e-09
201 	 4 	 4 	 57 	 0 	 2.57771e-09
201 	 4 	 4 	 57.5 	 0 	 2.14652e-09
201 	 4 	 4 	 58 	 0 	 1.75121e-09
201 	 4 	 4 	 58.5 	 0 	 1.4417e-09
201 	 4 	 4 	 59 	 0 	 1.20088e-09
201 	 4 	 4 	 59.5 	 0 	 9.9423e-10
201 	 4 	 4 	 60 	 0 	 8.15999e-10
201 	 4 	 4 	 60.5 	 0 	 6.7043e-10
201 	 4 	 4 	 61 	 0 	 5.70173e-10
201 	 4 	 4 	 61.5 	 0 	 4.38982e-10
201 	 4 	 4 	 62 	 0 	 3.48384e-10
201 	 4 	 4 	 62.5 	 0 	 2.81308e-10
201 	 4 	 4 	 63 	 0 	 2.3091e-10
201 	 4 	 4 	 63.5 	 0 	 1.83815e-10
201 	 4 	 4 	 64 	 0 	 1.48763e-10
201 	 4 	 4 	 64.5 	 0 	 1.17492e-10
201 	 4 	 4 	 65 	 0 	 9.43541e-11
201 	 4 	 4 	 65.5 	 0 	 6.969e-11
201 	 4 	 4 	 66 	 0 	 5.16837e-11
201 	 4 	 4 	 66.5 	 0 	 4.06171e-11
201 	 4 	 4 	 67 	 0 	 3.10549e-11
201 	 4 	 4 	 67.5 	 0 	 2.32143e-11
201 	 4 	 4 	 68 	 0 	 1.72771e-11
201 	 4 	 4 	 68.5 	 0 	 1.41706e-11
201 	 4 	 4 	 69 	 0 	 1.02363e-11
201 	 4 	 4 	 69.5 	 0 	 6.9049e-12
201 	 4 	 4 	 70 	 0 	 4.24667e-12
201 	 4 	 4 	 70.5 	 0 	 2.77373e-12
201 	 4 	 4 	 71 	 0 	 1.84216e-12
201 	 4 	 4 	 71.5 	 0 	 1.0949e-12
201 	 4 	 4 	 72 	 0 	 8.47451e-13
201 	 4 	 4 	 72.5 	 0 	 5.47451e-13
201 	 4 	 4 	 73 	 0 	 3.42941e-13
201 	 4 	 4 	 73.5 	 0 	 3.36471e-13
201 	 4 	 4 	 74 	 0 	 2.38039e-13
201 	 4 	 4 	 74.5 	 0 	 1.24314e-13
201 	 4 	 4 	 75 	 0 	 8.05882e-14
201 	 4 	 4 	 75.5 	 0 	 3.94118e-14
201 	 4 	 4 	 76 	 0 	 3.86275e-14
201 	 4 	 4 	 76.5 	 0 	 1.2549e-14
201 	 4 	 4 	 77 	 0 	 1.56863e-14
201 	 4 	 4 	 77.5 	 0 	 1.76471e-14
201 	 4 	 4 	 78 	 0 	 8.03922e-15
201 	 4 	 4 	 78.5 	 0 	 4.70588e-15
201 	 4 	 4 	 79 	 0 	 5.4902e-15
201 	 4 	 4 	 79.5 	 0 	 1.96078e-16
201 	 4 	 4 	 80 	 0 	 2.7451e-15
201 	 4 	 4 	 80.5 	 0 	 2.7451e-15
201 	 4 	 4 	 81 	 0 	 0
201 	 4 	 4 	 81.5 	 0 	 0
201 	 4 	 4 	 82 	 0 	 0
201 	 4 	 4 	 82.5 	 0 	 0
201 	 4 	 4 	 83 	 0 	 0
201 	 4 	 4 	 83.5 	 0 	 0
201 	 4 	 4 	 84 	 0 	 0
201 	 4 	 4 	 84.5 	 0 	 0
201 	 4 	 4 	 85 	 0 	 0
201 	 4 	 4 	 85.5 	 0 	 0
201 	 4 	 4 	 86 	 0 	 0
201 	 4 	 4 	 86.5 	 0 	 0
201 	 4 	 4 	 87 	 0 	 0
201 	 4 	 4 	 87.5 	 0 	 0
201 	 4 	 4 	 88 	 0 	 0
201 	 4 	 4 	 88.5 	 0 	 0
201 	 4 	 4 	 89 	 0 	 0
201 	 4 	 4 	 89.5 	 0 	 0
201 	 4 	 4 	 90 	 0 	 0
201 	 4 	 4 	 90.5 	 0 	 0
201 	 4 	 4 	 91 	 0 	 0
201 	 4 	 4 	 91.5 	 0 	 0
201 	 4 	 4 	 92 	 0 	 0
201 	 4 	 4 	 92.5 	 0 	 0
201 	 4 	 4 	 93 	 0 	 0
201 	 4 	 4 	 93.5 	 0 	 0
201 	 4 	 4 	 94 	 0 	 0
201 	 4 	 4 	 94.5 	 0 	 0
201 	 4 	 4 	 95 	 0 	 0
201 	 4 	 4 	 95.5 	 0 	 0
201 	 4 	 4 	 96 	 0 	 0
201 	 4 	 4 	 96.5 	 0 	 0
201 	 4 	 4 	 97 	 0 	 0
201 	 4 	 4 	 97.5 	 0 	 0
201 	 4 	 4 	 98 	 0 	 0
201 	 4 	 4 	 98.5 	 0 	 0
201 	 4 	 4 	 99 	 0 	 0
201 	 4 	 4 	 99.5 	 0 	 0
201 	 4 	 4 	 100 	 0 	 0