#data for Fig. 3(a)
#Parameters: J_perp = 20t, J_parallel = 0.

#tau: evolution time

#Delta_rms: root-mean-square of Delta = (x1 - x2)/2
#Delta_std: standard error on Delta_rms estimated from sampling 

#X_rms: root-mean-square of X = (x1 + x2)/2
#X_std: standard error on X_rms estimated from sampling

#corr(x1,x2): correlation coefficient of x1, x2. 
#std on corr(x1,x2) estimated from sampling.

tau 	 Delta_rms 	 Delta_std 	  	 X_rms	 	 X_std		     corr(x1,x2)  	 std on corr(x1,x2) 

0 	 0 	 0 	 0 	 0 	 0 	 0 
0.05 	 0.049869 	 3.91538e-08 	 0.0498704 	 2.6601e-08 	 2.85486e-05 	 5.22237e-06 
0.1 	 0.0989343 	 1.07365e-06 	 0.0989771 	 4.89358e-07 	 0.000431811 	 6.49515e-05 
0.15 	 0.146313 	 7.70375e-06 	 0.146623 	 3.52872e-06 	 0.00211164 	 0.000315094 
0.2 	 0.19101 	 3.00279e-05 	 0.19223 	 1.38109e-05 	 0.00636657 	 0.000940064 
0.25 	 0.231947 	 8.31197e-05 	 0.235369 	 3.83019e-05 	 0.0146461 	 0.00213637 
0.3 	 0.268067 	 0.000184291 	 0.275756 	 8.47902e-05 	 0.0282801 	 0.00407291 
0.35 	 0.298471 	 0.000349311 	 0.313225 	 0.000159675 	 0.0482281 	 0.00686048 
0.4 	 0.322565 	 0.000589001 	 0.347679 	 0.000265818 	 0.0748805 	 0.0105333 
0.45 	 0.340156 	 0.000907249 	 0.37905 	 0.000401214 	 0.107932 	 0.0150423 
0.5 	 0.351508 	 0.00130079 	 0.407267 	 0.000558836 	 0.146345 	 0.0202586 
0.55 	 0.35731 	 0.00176034 	 0.432258 	 0.000727591 	 0.188422 	 0.0259875 
0.6 	 0.358606 	 0.00227201 	 0.453976 	 0.000893963 	 0.231969 	 0.0319868 
0.65 	 0.356672 	 0.00281817 	 0.472446 	 0.001044 	 0.274553 	 0.037986 
0.7 	 0.352893 	 0.00337705 	 0.487812 	 0.00116543 	 0.313784 	 0.0436968 
0.75 	 0.348626 	 0.00392192 	 0.500389 	 0.0012499 	 0.347608 	 0.0488127 
0.8 	 0.345077 	 0.00442108 	 0.510685 	 0.00129514 	 0.374571 	 0.0530072 
0.85 	 0.343179 	 0.00484097 	 0.519398 	 0.00130636 	 0.394042 	 0.0559507 
0.9 	 0.343511 	 0.00515274 	 0.527376 	 0.00129593 	 0.406329 	 0.0573712 
0.95 	 0.346272 	 0.00534046 	 0.535545 	 0.00127965 	 0.412653 	 0.0571522 
1 	 0.351333 	 0.00540631 	 0.544795 	 0.00126978 	 0.414883 	 0.0554195 
1.05 	 0.358359 	 0.0053694 	 0.555872 	 0.00126803 	 0.415095 	 0.0525476 
1.1 	 0.366943 	 0.00525886 	 0.569284 	 0.00126466 	 0.415084 	 0.0490615 
1.15 	 0.37671 	 0.00510542 	 0.585261 	 0.00124474 	 0.416047 	 0.0454841 
1.2 	 0.387347 	 0.0049361 	 0.60377 	 0.00119663 	 0.418545 	 0.0422191 
1.25 	 0.39857 	 0.00477383 	 0.624582 	 0.001118 	 0.422718 	 0.0395212 
1.3 	 0.410058 	 0.00463987 	 0.647352 	 0.00101863 	 0.428587 	 0.0375343 
1.35 	 0.421397 	 0.00455575 	 0.671698 	 0.000921852 	 0.436277 	 0.0363327 
1.4 	 0.432079 	 0.004542 	 0.697241 	 0.000862906 	 0.446063 	 0.0359322 
1.45 	 0.441568 	 0.00461415 	 0.723627 	 0.00087565 	 0.45826 	 0.0362764 
1.5 	 0.449396 	 0.00477852 	 0.750513 	 0.000967687 	 0.473033 	 0.0372331 
1.55 	 0.455283 	 0.00503016 	 0.777564 	 0.00111583 	 0.490228 	 0.0386114 
1.6 	 0.459212 	 0.00535338 	 0.804437 	 0.00128821 	 0.509299 	 0.0401911 
1.65 	 0.461444 	 0.00572386 	 0.8308 	 0.00146015 	 0.529357 	 0.0417502 
1.7 	 0.462472 	 0.00611158 	 0.856351 	 0.00161706 	 0.549327 	 0.0430883 
1.75 	 0.462909 	 0.00648465 	 0.880847 	 0.00175304 	 0.568154 	 0.0440455 
1.8 	 0.463354 	 0.00681425 	 0.904138 	 0.00186897 	 0.585014 	 0.0445215 
1.85 	 0.464271 	 0.00707976 	 0.926186 	 0.00197019 	 0.599444 	 0.0444874 
1.9 	 0.465907 	 0.0072726 	 0.947062 	 0.00206375 	 0.611392 	 0.0439874 
1.95 	 0.468277 	 0.00739719 	 0.966938 	 0.00215519 	 0.621165 	 0.0431275 
2 	 0.471197 	 0.00746859 	 0.986056 	 0.00224619 	 0.629324 	 0.0420509 
2.05 	 0.474362 	 0.00750772 	 1.0047 	 0.0023338 	 0.636544 	 0.0409061 
2.1 	 0.477425 	 0.00753611 	 1.02314 	 0.00241185 	 0.643483 	 0.039818 
2.15 	 0.480072 	 0.00757178 	 1.04163 	 0.00247356 	 0.650678 	 0.0388708 
2.2 	 0.482075 	 0.00762732 	 1.06035 	 0.00251427 	 0.658483 	 0.0381065 
2.25 	 0.483321 	 0.00770969 	 1.07943 	 0.00253318 	 0.667043 	 0.037535 
2.3 	 0.483816 	 0.00782118 	 1.09892 	 0.00253373 	 0.676313 	 0.0371462 
2.35 	 0.483667 	 0.0079605 	 1.11881 	 0.0025227 	 0.686102 	 0.0369183 
2.4 	 0.483054 	 0.00812418 	 1.13903 	 0.00250849 	 0.696136 	 0.0368227 
2.45 	 0.482183 	 0.00830786 	 1.1595 	 0.0024994 	 0.706123 	 0.0368286 
2.5 	 0.481255 	 0.00850781 	 1.18011 	 0.0025024 	 0.715801 	 0.0369093 
2.55 	 0.480433 	 0.00872166 	 1.20076 	 0.00252265 	 0.724974 	 0.0370457 
2.6 	 0.479837 	 0.00894789 	 1.22133 	 0.0025635 	 0.733517 	 0.0372242 
2.65 	 0.479542 	 0.009184 	 1.24174 	 0.00262665 	 0.741365 	 0.0374286 
2.7 	 0.479591 	 0.00942465 	 1.26191 	 0.00271221 	 0.748496 	 0.037633 
2.75 	 0.480007 	 0.00966118 	 1.28178 	 0.00281879 	 0.754918 	 0.0378013 
2.8 	 0.480794 	 0.00988343 	 1.3013 	 0.00294364 	 0.760662 	 0.0378961 
2.85 	 0.481934 	 0.0100829 	 1.32047 	 0.00308275 	 0.76578 	 0.037891 
2.9 	 0.48338 	 0.0102558 	 1.33928 	 0.00323092 	 0.770352 	 0.0377801 
2.95 	 0.485052 	 0.0104039 	 1.35775 	 0.00338183 	 0.774484 	 0.0375794 
3 	 0.486837 	 0.0105343 	 1.37592 	 0.00352837 	 0.778305 	 0.0373201 
3.05 	 0.488608 	 0.0106568 	 1.39384 	 0.00366333 	 0.781949 	 0.0370393 
3.1 	 0.490239 	 0.0107817 	 1.41155 	 0.00378032 	 0.785535 	 0.0367716 
3.15 	 0.491632 	 0.0109177 	 1.42909 	 0.00387482 	 0.789156 	 0.0365432 
3.2 	 0.492721 	 0.0110708 	 1.44649 	 0.0039449 	 0.792867 	 0.0363688 
3.25 	 0.493484 	 0.0112429 	 1.46376 	 0.00399156 	 0.796685 	 0.0362496 
3.3 	 0.49393 	 0.0114311 	 1.48093 	 0.00401851 	 0.800599 	 0.0361727 
3.35 	 0.494099 	 0.011628 	 1.498 	 0.00403161 	 0.804577 	 0.0361128 
3.4 	 0.494049 	 0.0118232 	 1.51499 	 0.00403798 	 0.808572 	 0.036038 
3.45 	 0.493855 	 0.0120051 	 1.53189 	 0.00404512 	 0.81253 	 0.0359174 
3.5 	 0.493609 	 0.0121637 	 1.54871 	 0.00406 	 0.816389 	 0.0357283 
3.55 	 0.493408 	 0.0122928 	 1.56546 	 0.00408835 	 0.820089 	 0.0354611 
3.6 	 0.493351 	 0.0123909 	 1.58214 	 0.00413419 	 0.823572 	 0.0351212 
3.65 	 0.493524 	 0.0124616 	 1.59877 	 0.00419966 	 0.826796 	 0.0347268 
3.7 	 0.493982 	 0.0125127 	 1.61535 	 0.00428508 	 0.829741 	 0.0343046 
3.75 	 0.494748 	 0.0125539 	 1.63189 	 0.00438929 	 0.832407 	 0.0338835 
3.8 	 0.495805 	 0.0125944 	 1.64842 	 0.00451005 	 0.834822 	 0.0334867 
3.85 	 0.497106 	 0.01264 	 1.66492 	 0.0046444 	 0.837027 	 0.0331249 
3.9 	 0.49858 	 0.0126907 	 1.68142 	 0.00478913 	 0.839073 	 0.0327918 
3.95 	 0.500143 	 0.0127414 	 1.69791 	 0.00494105 	 0.841016 	 0.0324657 
4 	 0.501702 	 0.0127829 	 1.71438 	 0.00509734 	 0.842913 	 0.0321162 
4.05 	 0.503153 	 0.0128064 	 1.73081 	 0.0052557 	 0.84482 	 0.0317151 
4.1 	 0.504389 	 0.0128066 	 1.74719 	 0.00541437 	 0.846793 	 0.0312462 
4.15 	 0.505311 	 0.0127844 	 1.76346 	 0.00557211 	 0.848878 	 0.0307115 
4.2 	 0.505851 	 0.0127468 	 1.77961 	 0.00572814 	 0.851102 	 0.030131 
4.25 	 0.50599 	 0.0127054 	 1.79556 	 0.00588205 	 0.853462 	 0.029537 
4.3 	 0.505775 	 0.0126724 	 1.8113 	 0.00603386 	 0.855922 	 0.0289653 
4.35 	 0.505306 	 0.0126584 	 1.82676 	 0.00618405 	 0.85842 	 0.0284459 
4.4 	 0.504709 	 0.0126694 	 1.84193 	 0.00633352 	 0.860887 	 0.0279969 
4.45 	 0.504102 	 0.0127063 	 1.85682 	 0.0064836 	 0.863265 	 0.0276211 
4.5 	 0.503551 	 0.0127649 	 1.87145 	 0.00663591 	 0.86553 	 0.0273069 
4.55 	 0.50306 	 0.012837 	 1.88586 	 0.00679225 	 0.867688 	 0.0270306 
4.6 	 0.502579 	 0.0129115 	 1.90012 	 0.00695434 	 0.869778 	 0.0267621 
4.65 	 0.502029 	 0.0129764 	 1.9143 	 0.00712372 	 0.871848 	 0.0264707 
4.7 	 0.50134 	 0.0130217 	 1.92847 	 0.00730145 	 0.873937 	 0.0261336 
4.75 	 0.50048 	 0.0130419 	 1.94266 	 0.00748798 	 0.876064 	 0.0257419 
4.8 	 0.499467 	 0.0130385 	 1.95692 	 0.00768299 	 0.878223 	 0.0253044 
4.85 	 0.498358 	 0.0130192 	 1.97124 	 0.0078855 	 0.880383 	 0.0248457 
4.9 	 0.497242 	 0.0129965 	 1.98563 	 0.00809409 	 0.882506 	 0.0243987 
4.95 	 0.496212 	 0.0129835 	 2.00004 	 0.00830728 	 0.884547 	 0.0239951 
5 	 0.495352 	 0.01299 	 2.01447 	 0.008524 	 0.88647 	 0.0236561 
5.05 	 0.494726 	 0.0130196 	 2.02886 	 0.0087438 	 0.888249 	 0.0233874 
5.1 	 0.494367 	 0.0130688 	 2.0432 	 0.00896692 	 0.889871 	 0.0231782 
5.15 	 0.494267 	 0.0131283 	 2.05744 	 0.00919404 	 0.891343 	 0.0230056 
5.2 	 0.494368 	 0.0131859 	 2.07158 	 0.00942601 	 0.892694 	 0.022841 
5.25 	 0.494562 	 0.0132309 	 2.0856 	 0.00966349 	 0.893968 	 0.0226584 
5.3 	 0.494714 	 0.0132568 	 2.09949 	 0.00990688 	 0.895223 	 0.0224414 
5.35 	 0.49469 	 0.0132638 	 2.11325 	 0.0101562 	 0.896512 	 0.0221871 
5.4 	 0.494398 	 0.0132575 	 2.12686 	 0.010411 	 0.897871 	 0.0219055 
5.45 	 0.493816 	 0.0132474 	 2.14033 	 0.0106706 	 0.899304 	 0.0216153 
5.5 	 0.49299 	 0.0132428 	 2.15364 	 0.0109336 	 0.900792 	 0.0213368 
5.55 	 0.492013 	 0.0132511 	 2.1668 	 0.0111983 	 0.902296 	 0.0210858 
5.6 	 0.490976 	 0.0132756 	 2.17981 	 0.0114627 	 0.903783 	 0.0208695 
5.65 	 0.489928 	 0.0133158 	 2.19268 	 0.0117246 	 0.905236 	 0.0206852 
5.7 	 0.488859 	 0.0133672 	 2.20543 	 0.0119823 	 0.906663 	 0.0205213 
5.75 	 0.487707 	 0.0134225 	 2.2181 	 0.0122347 	 0.908088 	 0.0203604 
5.8 	 0.486404 	 0.0134721 	 2.23071 	 0.0124813 	 0.909538 	 0.0201833 
5.85 	 0.484916 	 0.0135058 	 2.24328 	 0.0127227 	 0.911024 	 0.0199728 
5.9 	 0.483271 	 0.0135145 	 2.25581 	 0.0129598 	 0.912535 	 0.0197183 
5.95 	 0.48157 	 0.0134936 	 2.2683 	 0.013194 	 0.914034 	 0.0194194 
6 	 0.479959 	 0.0134445 	 2.28075 	 0.0134268 	 0.915471 	 0.019087 
6.05 	 0.478597 	 0.0133754 	 2.29313 	 0.0136593 	 0.916794 	 0.0187418 
6.1 	 0.47762 	 0.0132995 	 2.30544 	 0.0138927 	 0.917961 	 0.0184096 
6.15 	 0.477119 	 0.0132308 	 2.31767 	 0.0141281 	 0.918948 	 0.0181142 
6.2 	 0.477132 	 0.0131804 	 2.32983 	 0.0143661 	 0.919747 	 0.017872 
6.25 	 0.477644 	 0.0131528 	 2.34192 	 0.0146076 	 0.92037 	 0.0176873 
6.3 	 0.478592 	 0.0131453 	 2.35397 	 0.014853 	 0.920843 	 0.0175521 
6.35 	 0.479869 	 0.0131496 	 2.36598 	 0.0151027 	 0.921203 	 0.0174493 
6.4 	 0.481331 	 0.0131548 	 2.37797 	 0.0153565 	 0.921499 	 0.0173573 
6.45 	 0.482819 	 0.0131509 	 2.38995 	 0.0156145 	 0.921781 	 0.0172562 
6.5 	 0.484186 	 0.0131315 	 2.40191 	 0.0158758 	 0.922096 	 0.0171324 
6.55 	 0.485327 	 0.0130943 	 2.41383 	 0.0161399 	 0.922474 	 0.0169805 
6.6 	 0.486201 	 0.0130406 	 2.42569 	 0.0164056 	 0.922924 	 0.0168033 
6.65 	 0.486829 	 0.0129747 	 2.43746 	 0.0166717 	 0.923436 	 0.0166091 
6.7 	 0.487275 	 0.0129023 	 2.4491 	 0.0169367 	 0.923989 	 0.0164097 
6.75 	 0.487604 	 0.0128302 	 2.4606 	 0.017199 	 0.92456 	 0.0162169 
6.8 	 0.487855 	 0.0127656 	 2.47193 	 0.0174569 	 0.925137 	 0.0160412 
6.85 	 0.488026 	 0.0127152 	 2.48309 	 0.017709 	 0.925721 	 0.0158892 
6.9 	 0.488088 	 0.0126828 	 2.49408 	 0.017954 	 0.926321 	 0.0157623 
6.95 	 0.488014 	 0.012668 	 2.50493 	 0.0181914 	 0.926946 	 0.0156556 
7 	 0.487809 	 0.0126644 	 2.51563 	 0.0184211 	 0.927594 	 0.0155584 
7.05 	 0.487524 	 0.0126614 	 2.52621 	 0.018644 	 0.928251 	 0.0154567 
7.1 	 0.487246 	 0.0126464 	 2.53668 	 0.0188617 	 0.928893 	 0.0153371 
7.15 	 0.487075 	 0.0126092 	 2.54706 	 0.019076 	 0.929493 	 0.0151908 
7.2 	 0.487083 	 0.0125445 	 2.55737 	 0.0192894 	 0.930032 	 0.0150163 
7.25 	 0.487305 	 0.0124541 	 2.56763 	 0.0195041 	 0.930503 	 0.0148204 
7.3 	 0.487727 	 0.0123459 	 2.57786 	 0.0197219 	 0.930911 	 0.0146157 
7.35 	 0.488305 	 0.0122313 	 2.58809 	 0.019944 	 0.93127 	 0.014418 
7.4 	 0.488986 	 0.0121218 	 2.59833 	 0.0201707 	 0.931597 	 0.0142411 
7.45 	 0.489719 	 0.0120261 	 2.6086 	 0.0204012 	 0.931906 	 0.0140935 
7.5 	 0.490459 	 0.0119479 	 2.6189 	 0.0206341 	 0.932211 	 0.0139758 
7.55 	 0.491163 	 0.0118852 	 2.62922 	 0.0208677 	 0.932523 	 0.0138804 
7.6 	 0.49178 	 0.0118315 	 2.63956 	 0.0211 	 0.932855 	 0.0137939 
7.65 	 0.49226 	 0.0117782 	 2.6499 	 0.0213293 	 0.933221 	 0.0137011 
7.7 	 0.492558 	 0.0117167 	 2.66022 	 0.0215544 	 0.93363 	 0.0135891 
7.75 	 0.49265 	 0.0116412 	 2.67049 	 0.0217747 	 0.934088 	 0.0134505 
7.8 	 0.49254 	 0.0115503 	 2.68071 	 0.0219899 	 0.93459 	 0.0132853 
7.85 	 0.492256 	 0.011448 	 2.69084 	 0.0222 	 0.935129 	 0.013101 
7.9 	 0.491838 	 0.0113431 	 2.70088 	 0.0224048 	 0.935691 	 0.0129105 
7.95 	 0.491323 	 0.0112479 	 2.71082 	 0.022604 	 0.936268 	 0.0127291 
8 	 0.490733 	 0.0111748 	 2.72065 	 0.022797 	 0.936853 	 0.0125713 
8.05 	 0.490083 	 0.0111336 	 2.73036 	 0.0229832 	 0.937443 	 0.0124469 
8.1 	 0.489383 	 0.0111276 	 2.73997 	 0.0231621 	 0.938035 	 0.0123587 
8.15 	 0.488649 	 0.0111529 	 2.74946 	 0.0233338 	 0.938626 	 0.0123019 
8.2 	 0.487897 	 0.0111977 	 2.75886 	 0.0234984 	 0.939211 	 0.0122644 
8.25 	 0.487139 	 0.0112457 	 2.76817 	 0.0236564 	 0.939787 	 0.0122296 
8.3 	 0.486366 	 0.0112793 	 2.7774 	 0.0238085 	 0.940358 	 0.0121796 
8.35 	 0.485543 	 0.0112841 	 2.78656 	 0.023955 	 0.940931 	 0.012099 
8.4 	 0.484618 	 0.0112522 	 2.79568 	 0.0240961 	 0.941519 	 0.0119788 
8.45 	 0.483543 	 0.0111837 	 2.80478 	 0.0242316 	 0.942135 	 0.0118175 
8.5 	 0.482301 	 0.0110862 	 2.81386 	 0.0243612 	 0.942782 	 0.0116217 
8.55 	 0.480922 	 0.0109719 	 2.82294 	 0.0244845 	 0.943453 	 0.0114035 
8.6 	 0.479484 	 0.0108554 	 2.83202 	 0.0246017 	 0.94413 	 0.0111776 
8.65 	 0.478094 	 0.0107491 	 2.84109 	 0.0247128 	 0.94479 	 0.0109579 
8.7 	 0.47686 	 0.0106617 	 2.85015 	 0.0248188 	 0.945408 	 0.0107546 
8.75 	 0.475861 	 0.0105967 	 2.85919 	 0.0249208 	 0.945968 	 0.0105733 
8.8 	 0.47513 	 0.0105524 	 2.8682 	 0.0250202 	 0.946463 	 0.0104151 
8.85 	 0.47466 	 0.0105238 	 2.87718 	 0.0251183 	 0.946895 	 0.0102779 
8.9 	 0.474415 	 0.010504 	 2.88612 	 0.0252163 	 0.947273 	 0.0101581 
8.95 	 0.474357 	 0.0104868 	 2.89501 	 0.0253147 	 0.947605 	 0.0100526 
9 	 0.474452 	 0.0104683 	 2.90385 	 0.0254138 	 0.947897 	 0.00996043 
9.05 	 0.474684 	 0.0104488 	 2.91263 	 0.0255128 	 0.948154 	 0.00988367 
9.1 	 0.47505 	 0.0104321 	 2.92134 	 0.0256109 	 0.948377 	 0.00982716 
9.15 	 0.475556 	 0.0104247 	 2.92997 	 0.0257066 	 0.948563 	 0.00979676 
9.2 	 0.476214 	 0.0104318 	 2.93852 	 0.0257986 	 0.948713 	 0.00979634 
9.25 	 0.477036 	 0.0104544 	 2.94697 	 0.0258857 	 0.948822 	 0.00982501 
9.3 	 0.478036 	 0.0104878 	 2.95535 	 0.025967 	 0.94889 	 0.00987585 
9.35 	 0.479213 	 0.0105221 	 2.96365 	 0.0260418 	 0.948917 	 0.00993682 
9.4 	 0.480548 	 0.0105451 	 2.97189 	 0.0261095 	 0.948909 	 0.00999353 
9.45 	 0.481998 	 0.0105459 	 2.9801 	 0.0261699 	 0.948875 	 0.0100324 
9.5 	 0.483498 	 0.0105176 	 2.98828 	 0.026223 	 0.94883 	 0.0100435 
9.55 	 0.484972 	 0.0104587 	 2.99646 	 0.0262687 	 0.948791 	 0.010022 
9.6 	 0.486355 	 0.010373 	 3.00464 	 0.0263073 	 0.948772 	 0.00996829 
9.65 	 0.487606 	 0.0102687 	 3.01283 	 0.0263395 	 0.94878 	 0.00988799 
9.7 	 0.488719 	 0.0101565 	 3.02103 	 0.026366 	 0.948819 	 0.00979008 
9.75 	 0.489713 	 0.0100479 	 3.02923 	 0.0263879 	 0.948883 	 0.00968542 
9.8 	 0.490624 	 0.00995405 	 3.03742 	 0.0264066 	 0.948964 	 0.00958491 
9.85 	 0.491485 	 0.00988391 	 3.04559 	 0.0264235 	 0.949056 	 0.00949813 
9.9 	 0.492313 	 0.00984401 	 3.05373 	 0.02644 	 0.949154 	 0.00943241 
9.95 	 0.493118 	 0.00983747 	 3.06183 	 0.0264575 	 0.949255 	 0.00939224 
10 	 0.493904 	 0.00986325 	 3.06988 	 0.0264774 	 0.949359 	 0.00937876 
11 	 0.504589 	 0.0102896 	 3.22066 	 0.0268794 	 0.95191 	 0.00921281 
12 	 0.492183 	 0.0108858 	 3.35667 	 0.0278475 	 0.957783 	 0.00848238 
13 	 0.499946 	 0.0106418 	 3.4837 	 0.0300953 	 0.959506 	 0.00778581 
14 	 0.505871 	 0.00997226 	 3.60366 	 0.0334261 	 0.961188 	 0.00702581 
15 	 0.501402 	 0.00877076 	 3.72087 	 0.0369641 	 0.964161 	 0.00587708 
16 	 0.49814 	 0.00809777 	 3.83714 	 0.0398675 	 0.966697 	 0.00506102 
17 	 0.500986 	 0.00799775 	 3.95535 	 0.0418374 	 0.968256 	 0.00485315 
18 	 0.498691 	 0.00837452 	 4.07563 	 0.0429105 	 0.970373 	 0.00451029 
19 	 0.503465 	 0.00812053 	 4.19355 	 0.043347 	 0.97148 	 0.00405778 
20 	 0.507475 	 0.00809935 	 4.30534 	 0.0434518 	 0.972497 	 0.00390189 
21 	 0.507952 	 0.0086199 	 4.4102 	 0.0438042 	 0.97373 	 0.00394851 
22 	 0.506378 	 0.0085532 	 4.50883 	 0.0445657 	 0.975017 	 0.0036811 
23 	 0.510421 	 0.008821 	 4.6017 	 0.0456324 	 0.97562 	 0.00372766 
24 	 0.511991 	 0.0088713 	 4.69121 	 0.0469299 	 0.976359 	 0.00383628 
25 	 0.505957 	 0.00929764 	 4.77833 	 0.0482723 	 0.977717 	 0.00389657 
26 	 0.505882 	 0.00989679 	 4.86361 	 0.0497177 	 0.978483 	 0.0040158 
27 	 0.509408 	 0.00903631 	 4.94755 	 0.0511521 	 0.978879 	 0.0038079 
28 	 0.514001 	 0.00894569 	 5.02978 	 0.0526032 	 0.979206 	 0.0036119 
29 	 0.515943 	 0.00892116 	 5.1083 	 0.0538401 	 0.979694 	 0.00344004 
30 	 0.510294 	 0.00917684 	 5.18246 	 0.0545012 	 0.980704 	 0.00334624 
31 	 0.508769 	 0.0092125 	 5.25283 	 0.0546434 	 0.98132 	 0.00332312 
32 	 0.512802 	 0.00964121 	 5.32076 	 0.0543309 	 0.981491 	 0.00350516 
33 	 0.511384 	 0.0096443 	 5.38791 	 0.0537919 	 0.982058 	 0.00333732 
34 	 0.512418 	 0.00965741 	 5.45441 	 0.0533677 	 0.982422 	 0.00324453 
35 	 0.517309 	 0.00978141 	 5.52059 	 0.0534148 	 0.982505 	 0.00326369 
36 	 0.51689 	 0.00945844 	 5.58587 	 0.0538962 	 0.982935 	 0.00308423 
37 	 0.512408 	 0.00919427 	 5.64916 	 0.0545172 	 0.983597 	 0.00291094 
38 	 0.508839 	 0.00872815 	 5.70951 	 0.0552439 	 0.984168 	 0.00263554 
39 	 0.50951 	 0.0085637 	 5.76759 	 0.0560108 	 0.984455 	 0.00244713 
40 	 0.511183 	 0.008669 	 5.82477 	 0.0568755 	 0.984659 	 0.00243439 
41 	 0.518138 	 0.00855098 	 5.8817 	 0.0578536 	 0.984526 	 0.00246932 
42 	 0.519566 	 0.00940792 	 5.93908 	 0.0587496 	 0.984735 	 0.00267003 
43 	 0.519198 	 0.00930127 	 5.99579 	 0.0594862 	 0.985025 	 0.0027061 
44 	 0.520055 	 0.00901839 	 6.05073 	 0.060116 	 0.985235 	 0.00264894 
45 	 0.515858 	 0.00885904 	 6.10262 	 0.0607157 	 0.985723 	 0.00250476 
46 	 0.51432 	 0.00844908 	 6.1507 	 0.0614033 	 0.986032 	 0.00231707 
47 	 0.512384 	 0.00818739 	 6.19538 	 0.0624603 	 0.986332 	 0.00220748 
48 	 0.512615 	 0.00840285 	 6.23869 	 0.0636282 	 0.986503 	 0.00222783 
49 	 0.511411 	 0.00917261 	 6.28173 	 0.064485 	 0.98675 	 0.00234752 
50 	 0.511276 	 0.00938679 	 6.32582 	 0.0650053 	 0.98694 	 0.00237413 
51 	 0.518086 	 0.00914658 	 6.37178 	 0.0654024 	 0.986784 	 0.00232768 
52 	 0.520337 	 0.00919306 	 6.41825 	 0.0658456 	 0.986854 	 0.00234643 
53 	 0.51635 	 0.00909714 	 6.46447 	 0.0664673 	 0.987214 	 0.00240034 
54 	 0.516434 	 0.00920065 	 6.50903 	 0.0672172 	 0.987375 	 0.00242617 
55 	 0.514978 	 0.00888949 	 6.55214 	 0.0679971 	 0.987611 	 0.00230809 
56 	 0.513198 	 0.00937306 	 6.59393 	 0.0687528 	 0.987859 	 0.0023411 
57 	 0.51224 	 0.0101577 	 6.63605 	 0.0692645 	 0.988065 	 0.00242067 
58 	 0.514848 	 0.0103801 	 6.67863 	 0.0695084 	 0.98809 	 0.00247426 
59 	 0.514496 	 0.010393 	 6.72198 	 0.0695984 	 0.988253 	 0.00247612 
60 	 0.514362 	 0.0103526 	 6.76556 	 0.0696292 	 0.988418 	 0.00237643 
61 	 0.513368 	 0.0101857 	 6.80814 	 0.0696893 	 0.988615 	 0.00224704 
62 	 0.515143 	 0.00922364 	 6.84966 	 0.0697222 	 0.988675 	 0.00206626 
63 	 0.517557 	 0.00899973 	 6.89064 	 0.0697994 	 0.988708 	 0.00199529 
64 	 0.517545 	 0.00910808 	 6.93096 	 0.0700496 	 0.988832 	 0.00202414 
65 	 0.517564 	 0.00862484 	 6.96957 	 0.0704979 	 0.988953 	 0.00191813 
66 	 0.516851 	 0.00864409 	 7.00734 	 0.0710543 	 0.98911 	 0.001827 
67 	 0.511827 	 0.00926095 	 7.04456 	 0.0716519 	 0.989424 	 0.00191939 
68 	 0.510982 	 0.00913905 	 7.08175 	 0.07234 	 0.989563 	 0.00191003 
69 	 0.513771 	 0.00950978 	 7.11831 	 0.0732035 	 0.989548 	 0.00201651 
70 	 0.514368 	 0.00960929 	 7.15408 	 0.0741051 	 0.989618 	 0.00206753 
71 	 0.51645 	 0.00966733 	 7.18963 	 0.0749883 	 0.989637 	 0.00206224 
72 	 0.513399 	 0.00926894 	 7.22573 	 0.0758604 	 0.989876 	 0.00186337 
73 	 0.51356 	 0.00898078 	 7.26293 	 0.0767963 	 0.989979 	 0.00175114 
74 	 0.518279 	 0.00856963 	 7.30069 	 0.0778897 	 0.989893 	 0.00173366 
75 	 0.517183 	 0.00892574 	 7.33902 	 0.0791414 	 0.990042 	 0.00173626 
76 	 0.515571 	 0.00952296 	 7.37704 	 0.080494 	 0.990206 	 0.00178801 
77 	 0.51387 	 0.00963666 	 7.41528 	 0.082045 	 0.990366 	 0.00180204 
78 	 0.518469 	 0.00976764 	 7.45329 	 0.0836961 	 0.990291 	 0.00183297 
79 	 0.519253 	 0.0102611 	 7.49078 	 0.0853784 	 0.990343 	 0.00194819 
80 	 0.515449 	 0.0102968 	 7.52708 	 0.0870195 	 0.990567 	 0.00195247 
81 	 0.51556 	 0.0100041 	 7.56162 	 0.0885084 	 0.990654 	 0.00187203 
82 	 0.519089 	 0.0105496 	 7.59497 	 0.0899503 	 0.990611 	 0.00193417 
83 	 0.519439 	 0.0104346 	 7.62841 	 0.0912653 	 0.990675 	 0.00192031 
84 	 0.520167 	 0.00911921 	 7.66249 	 0.0925389 	 0.990724 	 0.00177855 
85 	 0.515534 	 0.00964005 	 7.69702 	 0.0937216 	 0.990963 	 0.00184647 
86 	 0.512934 	 0.00956448 	 7.73206 	 0.0948212 	 0.991138 	 0.00179052 
87 	 0.511868 	 0.0103411 	 7.76716 	 0.0958837 	 0.991265 	 0.00180981 
88 	 0.511902 	 0.0104637 	 7.80187 	 0.0968365 	 0.991347 	 0.00177885 
89 	 0.516064 	 0.00992041 	 7.83574 	 0.0975517 	 0.991279 	 0.00172133 
90 	 0.516366 	 0.0101343 	 7.86865 	 0.0979865 	 0.991336 	 0.00175854 
91 	 0.520855 	 0.00992379 	 7.90025 	 0.0981766 	 0.991256 	 0.00172763 
92 	 0.518488 	 0.0102599 	 7.93125 	 0.0983592 	 0.991412 	 0.00169378 
93 	 0.513783 	 0.0100531 	 7.96187 	 0.0986333 	 0.991628 	 0.00165233 
94 	 0.51625 	 0.0101258 	 7.99188 	 0.0989871 	 0.991609 	 0.00166568 
95 	 0.515354 	 0.00975507 	 8.02171 	 0.0993149 	 0.9917 	 0.00160397 
96 	 0.518242 	 0.00933022 	 8.05182 	 0.0995955 	 0.991665 	 0.00157131 
97 	 0.516746 	 0.0101775 	 8.08212 	 0.0997326 	 0.991783 	 0.00162862 
98 	 0.515843 	 0.0104892 	 8.11161 	 0.0996819 	 0.99188 	 0.00159733 
99 	 0.514292 	 0.0104196 	 8.13972 	 0.0996081 	 0.991987 	 0.00155937 


100 	 0.515649 	 0.0103191 	 8.16632 	 0.0995193 	 0.991998 	 0.00153875 
101 	 0.516777 	 0.0100561 	 8.19252 	 0.099672 	 0.992001 	 0.00155707 
102 	 0.514965 	 0.0098932 	 8.21874 	 0.100088 	 0.992098 	 0.00156464 
103 	 0.515758 	 0.0102257 	 8.24513 	 0.100698 	 0.992131 	 0.00156617 
104 	 0.519328 	 0.00987671 	 8.27144 	 0.101434 	 0.992074 	 0.00151054 
105 	 0.522209 	 0.00968746 	 8.29739 	 0.102227 	 0.992036 	 0.00148671 
106 	 0.518802 	 0.0101914 	 8.32338 	 0.103008 	 0.992198 	 0.00147412 
107 	 0.5154 	 0.0110015 	 8.34883 	 0.103856 	 0.992346 	 0.00155086 
108 	 0.516675 	 0.0113387 	 8.37365 	 0.104796 	 0.992356 	 0.00158323 
109 	 0.520778 	 0.0111303 	 8.39802 	 0.105656 	 0.992283 	 0.00155566 
110 	 0.519267 	 0.0111647 	 8.42263 	 0.106354 	 0.992356 	 0.0016371 
111 	 0.519375 	 0.0101177 	 8.44742 	 0.106739 	 0.992394 	 0.00151337 
112 	 0.520959 	 0.00944402 	 8.472 	 0.106707 	 0.992405 	 0.001359 
113 	 0.520303 	 0.00989539 	 8.49603 	 0.10622 	 0.992471 	 0.001388 
114 	 0.519711 	 0.0105187 	 8.51898 	 0.105543 	 0.992534 	 0.00142319 
115 	 0.518252 	 0.0102525 	 8.54128 	 0.104889 	 0.992617 	 0.00136546 
116 	 0.52077 	 0.0102717 	 8.56304 	 0.104475 	 0.992569 	 0.0014389 
117 	 0.522664 	 0.0104704 	 8.58433 	 0.104375 	 0.992546 	 0.00148675 
118 	 0.522302 	 0.0110185 	 8.6053 	 0.104521 	 0.992601 	 0.0014984 
119 	 0.519998 	 0.0110679 	 8.62653 	 0.104791 	 0.992699 	 0.00150189 
120 	 0.521809 	 0.0104447 	 8.64802 	 0.10509 	 0.992691 	 0.0014045 
121 	 0.519172 	 0.00978873 	 8.66964 	 0.105442 	 0.992804 	 0.00129849 
122 	 0.513471 	 0.00933706 	 8.69103 	 0.105952 	 0.992986 	 0.00126044 
123 	 0.516985 	 0.00957417 	 8.71249 	 0.106674 	 0.992926 	 0.00127961 
124 	 0.519328 	 0.00973563 	 8.73419 	 0.107494 	 0.992903 	 0.00126307 
125 	 0.518526 	 0.0100138 	 8.75657 	 0.108164 	 0.992961 	 0.00127049 
126 	 0.517382 	 0.0102588 	 8.77974 	 0.108587 	 0.993023 	 0.00132419 
127 	 0.517224 	 0.0105485 	 8.80314 	 0.108804 	 0.993064 	 0.00135837 
128 	 0.517559 	 0.0103344 	 8.82667 	 0.108841 	 0.993089 	 0.00133668 
129 	 0.520066 	 0.00985301 	 8.8498 	 0.108803 	 0.993061 	 0.00126477 
130 	 0.522829 	 0.0102575 	 8.87157 	 0.108783 	 0.993035 	 0.00124452 
131 	 0.521121 	 0.0102584 	 8.89174 	 0.108796 	 0.993111 	 0.00124167 
132 	 0.520372 	 0.0100985 	 8.91083 	 0.108759 	 0.993147 	 0.00128937 
133 	 0.518599 	 0.0105357 	 8.92883 	 0.108654 	 0.993223 	 0.00132102 
134 	 0.521699 	 0.0106633 	 8.94593 	 0.108615 	 0.993174 	 0.00131014 
135 	 0.519623 	 0.0102607 	 8.96251 	 0.108853 	 0.993252 	 0.00125738 
136 	 0.520146 	 0.0100407 	 8.97824 	 0.109291 	 0.993265 	 0.00120802 
137 	 0.520051 	 0.0106317 	 8.99328 	 0.109832 	 0.993291 	 0.00125491 
138 	 0.517222 	 0.0104083 	 9.00826 	 0.110263 	 0.993385 	 0.00122316 
139 	 0.515519 	 0.0102818 	 9.02385 	 0.110428 	 0.993454 	 0.00118515 
140 	 0.515186 	 0.0102014 	 9.0402 	 0.110356 	 0.993481 	 0.00120906 
141 	 0.516413 	 0.0100414 	 9.05767 	 0.1101 	 0.993467 	 0.00123788 
142 	 0.518352 	 0.00976623 	 9.07634 	 0.109664 	 0.993454 	 0.00114756 
143 	 0.522991 	 0.00891904 	 9.09601 	 0.109062 	 0.993368 	 0.00105584 
144 	 0.519892 	 0.00973717 	 9.11658 	 0.108331 	 0.993477 	 0.00113241 
145 	 0.519185 	 0.010623 	 9.13746 	 0.107559 	 0.993533 	 0.00117767 
146 	 0.521539 	 0.00977349 	 9.15899 	 0.106988 	 0.993501 	 0.00110873 
147 	 0.518894 	 0.0099232 	 9.18125 	 0.106568 	 0.99359 	 0.00116219 
148 	 0.51714 	 0.0107716 	 9.20359 	 0.106392 	 0.993663 	 0.00123738 
149 	 0.518196 	 0.0104926 	 9.22594 	 0.106351 	 0.993674 	 0.00117342 
150 	 0.519411 	 0.00966788 	 9.24778 	 0.106402 	 0.993671 	 0.00109567 
151 	 0.516114 	 0.00981135 	 9.26856 	 0.106577 	 0.993779 	 0.0010977 
152 	 0.512467 	 0.00962893 	 9.28888 	 0.106909 	 0.993898 	 0.00103308 
153 	 0.514294 	 0.0101011 	 9.30862 	 0.107377 	 0.993878 	 0.00108923 
154 	 0.515186 	 0.0103575 	 9.32848 	 0.107861 	 0.993883 	 0.00111665 
155 	 0.51529 	 0.0101321 	 9.34861 	 0.108263 	 0.993912 	 0.00106007 
156 	 0.51707 	 0.0101042 	 9.36871 	 0.108545 	 0.993893 	 0.00108113 
157 	 0.519011 	 0.0103059 	 9.38852 	 0.108781 	 0.993868 	 0.00113319 
158 	 0.521348 	 0.00975842 	 9.40778 	 0.10896 	 0.993835 	 0.0010965 
159 	 0.519786 	 0.00952278 	 9.42624 	 0.109073 	 0.993893 	 0.00108055 
160 	 0.516064 	 0.010408 	 9.44437 	 0.109021 	 0.994001 	 0.00116605 
161 	 0.51705 	 0.0107918 	 9.46189 	 0.108667 	 0.994007 	 0.0011713 
162 	 0.518728 	 0.0109047 	 9.47859 	 0.108084 	 0.993996 	 0.00114451 
163 	 0.521925 	 0.0109078 	 9.49447 	 0.10739 	 0.993943 	 0.001141 
164 	 0.523424 	 0.0117608 	 9.5096 	 0.106639 	 0.993929 	 0.00121337 
165 	 0.518044 	 0.0123617 	 9.52493 	 0.105858 	 0.994071 	 0.00126758 
166 	 0.5221 	 0.0115533 	 9.54051 	 0.105064 	 0.993992 	 0.00122343 
167 	 0.526073 	 0.0104725 	 9.55636 	 0.104266 	 0.993919 	 0.00113742 
168 	 0.52282 	 0.0106123 	 9.57227 	 0.103415 	 0.994016 	 0.00112516 
169 	 0.522976 	 0.0107881 	 9.58825 	 0.10253 	 0.994036 	 0.00112581 
170 	 0.518673 	 0.0115485 	 9.60447 	 0.10155 	 0.994149 	 0.00121101 
171 	 0.516251 	 0.0108472 	 9.62094 	 0.100452 	 0.994222 	 0.00114381 
172 	 0.521324 	 0.00990424 	 9.63783 	 0.0993527 	 0.994128 	 0.00107043 
173 	 0.522248 	 0.0100263 	 9.6545 	 0.098433 	 0.994123 	 0.00111249 
174 	 0.51989 	 0.0102654 	 9.67094 	 0.0977967 	 0.994199 	 0.00110916 
175 	 0.519606 	 0.0107056 	 9.68742 	 0.0973135 	 0.99423 	 0.00111837 
176 	 0.520636 	 0.010284 	 9.7042 	 0.0969018 	 0.994228 	 0.00106776 
177 	 0.517084 	 0.00996192 	 9.72146 	 0.096604 	 0.994325 	 0.00102609 
178 	 0.516713 	 0.0102022 	 9.73935 	 0.096533 	 0.994356 	 0.00103724 
179 	 0.517586 	 0.0109186 	 9.75724 	 0.0966194 	 0.994361 	 0.00108634 
180 	 0.514807 	 0.0113142 	 9.77436 	 0.0967465 	 0.994441 	 0.00111156 
181 	 0.516744 	 0.0103544 	 9.79014 	 0.0969651 	 0.994413 	 0.00104651 
182 	 0.519371 	 0.0104189 	 9.80505 	 0.0971495 	 0.994371 	 0.00106427 
183 	 0.520073 	 0.0111227 	 9.8189 	 0.0973597 	 0.994379 	 0.00109074 
184 	 0.521244 	 0.0112682 	 9.83214 	 0.0974952 	 0.994373 	 0.00108178 
185 	 0.521857 	 0.0110252 	 9.8447 	 0.0975431 	 0.994374 	 0.00105403 
186 	 0.518712 	 0.0112109 	 9.85657 	 0.0975111 	 0.994455 	 0.00106846 
187 	 0.513486 	 0.0106154 	 9.8684 	 0.0975325 	 0.994576 	 0.00101098 
188 	 0.515906 	 0.00986614 	 9.88119 	 0.0977642 	 0.994538 	 0.000953282 
189 	 0.519148 	 0.00921322 	 9.8954 	 0.0982747 	 0.994488 	 0.000876624 
190 	 0.518578 	 0.00955683 	 9.91102 	 0.0989386 	 0.994515 	 0.000915696 
191 	 0.517616 	 0.00961105 	 9.92798 	 0.0995883 	 0.994555 	 0.00090805 
192 	 0.51768 	 0.00959418 	 9.94611 	 0.100064 	 0.994575 	 0.00089489 
193 	 0.519997 	 0.00916013 	 9.96483 	 0.100351 	 0.994545 	 0.000871043 
194 	 0.518754 	 0.0102285 	 9.98354 	 0.100346 	 0.994591 	 0.000966313 
195 	 0.515425 	 0.0103352 	 10.0017 	 0.100033 	 0.994679 	 0.000964197 
196 	 0.512042 	 0.0100698 	 10.0196 	 0.0995322 	 0.994761 	 0.000968037 
197 	 0.516181 	 0.0103801 	 10.0369 	 0.0990248 	 0.994691 	 0.00102079 
198 	 0.518367 	 0.010497 	 10.0536 	 0.0985592 	 0.994661 	 0.00104429 
199 	 0.516987 	 0.0102753 	 10.0696 	 0.0980761 	 0.99471 	 0.000997426 
200 	 0.518451 	 0.0103115 	 10.0851 	 0.0976451 	 0.994705 	 0.000955856 
201 	 0.517838 	 0.0104116 	 10.1007 	 0.097304 	 0.994739 	 0.000932599 
202 	 0.516898 	 0.00975881 	 10.116 	 0.0970863 	 0.994773 	 0.000876442 
203 	 0.520641 	 0.00998818 	 10.131 	 0.0971347 	 0.994708 	 0.000930578 
204 	 0.520777 	 0.00978132 	 10.1454 	 0.0975046 	 0.994718 	 0.000917628 
205 	 0.515984 	 0.0102542 	 10.1593 	 0.0981813 	 0.994831 	 0.000930739 
206 	 0.517137 	 0.0100405 	 10.1735 	 0.0990003 	 0.994824 	 0.000900083 
207 	 0.521146 	 0.00932213 	 10.1882 	 0.0997721 	 0.994755 	 0.000866229 
208 	 0.523241 	 0.00953903 	 10.2033 	 0.100522 	 0.994724 	 0.000913984 
209 	 0.521861 	 0.00991532 	 10.2184 	 0.10125 	 0.994772 	 0.000910394 
210 	 0.520675 	 0.00989314 	 10.2334 	 0.101888 	 0.994814 	 0.000870787 
211 	 0.519382 	 0.00951657 	 10.2481 	 0.102394 	 0.994857 	 0.000822561 
212 	 0.517501 	 0.0101976 	 10.2632 	 0.10275 	 0.994908 	 0.00088956 
213 	 0.522886 	 0.0111096 	 10.2789 	 0.103113 	 0.994816 	 0.000974917 
214 	 0.520602 	 0.0108168 	 10.2951 	 0.103499 	 0.994876 	 0.000948824 
215 	 0.516856 	 0.0107192 	 10.3116 	 0.103733 	 0.994968 	 0.000918608 
216 	 0.522752 	 0.0108554 	 10.3284 	 0.103782 	 0.994864 	 0.000963906 
217 	 0.520757 	 0.0109965 	 10.3451 	 0.103684 	 0.994916 	 0.000991189 
218 	 0.51668 	 0.0111388 	 10.3621 	 0.103568 	 0.995011 	 0.00100414 
219 	 0.519503 	 0.0111538 	 10.379 	 0.103556 	 0.994977 	 0.000984185 
220 	 0.521337 	 0.011368 	 10.3951 	 0.103689 	 0.994959 	 0.000997113 
221 	 0.518156 	 0.0113574 	 10.4101 	 0.103934 	 0.995038 	 0.000966342 
222 	 0.518822 	 0.0109106 	 10.4243 	 0.104293 	 0.995039 	 0.000918495 
223 	 0.517947 	 0.00959141 	 10.4381 	 0.104814 	 0.995062 	 0.00085299 
224 	 0.515119 	 0.00948453 	 10.4516 	 0.105456 	 0.995119 	 0.000893151 
225 	 0.517174 	 0.0102237 	 10.4654 	 0.106202 	 0.995094 	 0.000939705 
226 	 0.518606 	 0.0104092 	 10.4795 	 0.107002 	 0.995082 	 0.000937795 
227 	 0.516676 	 0.0103376 	 10.4942 	 0.10778 	 0.995127 	 0.000947449 
228 	 0.520384 	 0.00956722 	 10.5094 	 0.108626 	 0.995072 	 0.000886826 
229 	 0.519785 	 0.00946571 	 10.5253 	 0.109414 	 0.995103 	 0.000852967 
230 	 0.518274 	 0.0104307 	 10.5417 	 0.110084 	 0.99515 	 0.000903007 
231 	 0.520798 	 0.0107394 	 10.5586 	 0.11064 	 0.995117 	 0.00093185 
232 	 0.515627 	 0.0105691 	 10.5756 	 0.11103 	 0.995224 	 0.000925846 
233 	 0.515581 	 0.0104459 	 10.5921 	 0.111237 	 0.995239 	 0.000921231 
234 	 0.515723 	 0.0100735 	 10.6083 	 0.111407 	 0.995248 	 0.000911227 
235 	 0.514151 	 0.0099343 	 10.6241 	 0.11148 	 0.995292 	 0.000900934 
236 	 0.517844 	 0.00943031 	 10.6393 	 0.111478 	 0.995235 	 0.00088524 
237 	 0.520648 	 0.00931996 	 10.6543 	 0.11139 	 0.995203 	 0.000842185 
238 	 0.520095 	 0.00993186 	 10.669 	 0.111283 	 0.99523 	 0.000858506 
239 	 0.515859 	 0.0100534 	 10.684 	 0.111147 	 0.995319 	 0.000863151 
240 	 0.516461 	 0.00934983 	 10.6986 	 0.111061 	 0.995321 	 0.000807637 
241 	 0.518887 	 0.00965458 	 10.7135 	 0.11116 	 0.995293 	 0.000811539 
242 	 0.518571 	 0.0104735 	 10.7291 	 0.111646 	 0.995313 	 0.000875592 
243 	 0.520261 	 0.00954855 	 10.7452 	 0.112545 	 0.995289 	 0.00084737 
244 	 0.518906 	 0.00985463 	 10.7611 	 0.113658 	 0.995328 	 0.000860877 
245 	 0.518213 	 0.0102219 	 10.7758 	 0.114921 	 0.995352 	 0.000885951 
246 	 0.522838 	 0.0103181 	 10.79 	 0.116159 	 0.995283 	 0.000880268 
247 	 0.523681 	 0.0105827 	 10.8039 	 0.117243 	 0.995281 	 0.000883074 
248 	 0.520842 	 0.0101288 	 10.8182 	 0.118128 	 0.995344 	 0.000844982 
249 	 0.519976 	 0.00908896 	 10.8323 	 0.118856 	 0.995371 	 0.000767689 
250 	 0.518925 	 0.0088478 	 10.8458 	 0.119458 	 0.995399 	 0.000770182 
251 	 0.51575 	 0.0101557 	 10.8591 	 0.119976 	 0.995464 	 0.000863352 
252 	 0.518311 	 0.0107561 	 10.8726 	 0.120482 	 0.995428 	 0.000921465 
253 	 0.519955 	 0.0106614 	 10.8863 	 0.120915 	 0.995411 	 0.000911865 
254 	 0.518037 	 0.00988652 	 10.8999 	 0.121249 	 0.995457 	 0.000842979 
255 	 0.513652 	 0.0102906 	 10.913 	 0.121559 	 0.995543 	 0.000862544 
256 	 0.518529 	 0.0106612 	 10.9257 	 0.121733 	 0.99547 	 0.000882859 
257 	 0.519047 	 0.0106867 	 10.9384 	 0.121772 	 0.995476 	 0.00086095 
258 	 0.519173 	 0.0108373 	 10.9512 	 0.121854 	 0.995482 	 0.000879536 
259 	 0.521748 	 0.0106684 	 10.9647 	 0.122093 	 0.995446 	 0.00088021 
260 	 0.521908 	 0.0111806 	 10.9787 	 0.122376 	 0.995454 	 0.000927978 
261 	 0.519952 	 0.0111855 	 10.9925 	 0.122608 	 0.9955 	 0.000920068 
262 	 0.520343 	 0.0103356 	 11.0059 	 0.122677 	 0.99551 	 0.000825254 
263 	 0.52331 	 0.0101332 	 11.019 	 0.122579 	 0.995464 	 0.000844758 
264 	 0.522293 	 0.010404 	 11.0323 	 0.122391 	 0.995487 	 0.000892109 
265 	 0.522085 	 0.0104955 	 11.0459 	 0.122159 	 0.995501 	 0.000907512 
266 	 0.520795 	 0.0101373 	 11.0597 	 0.121877 	 0.995536 	 0.000862486 
267 	 0.523187 	 0.00992017 	 11.0731 	 0.121702 	 0.995508 	 0.000841416 
268 	 0.522596 	 0.0101936 	 11.0857 	 0.121747 	 0.99553 	 0.00084912 
269 	 0.524442 	 0.0104467 	 11.0973 	 0.122009 	 0.995507 	 0.000876907 
270 	 0.525524 	 0.0111281 	 11.1082 	 0.122536 	 0.995498 	 0.000915701 
271 	 0.524515 	 0.0109142 	 11.118 	 0.123231 	 0.995531 	 0.000851567 
272 	 0.525318 	 0.0113209 	 11.1274 	 0.123952 	 0.995525 	 0.000883109 
273 	 0.522513 	 0.0115774 	 11.1369 	 0.124473 	 0.995577 	 0.000906832 
274 	 0.522535 	 0.0112965 	 11.1468 	 0.124697 	 0.995581 	 0.000900874 
275 	 0.522676 	 0.0109336 	 11.1578 	 0.124761 	 0.995584 	 0.000892784 
276 	 0.526841 	 0.0104234 	 11.1691 	 0.124879 	 0.995518 	 0.000891955 
277 	 0.523032 	 0.0111107 	 11.1804 	 0.125088 	 0.995595 	 0.000906093 
278 	 0.521667 	 0.0116536 	 11.1918 	 0.125376 	 0.995633 	 0.000903391 
279 	 0.526185 	 0.0113294 	 11.2035 	 0.1257 	 0.995565 	 0.000891808 
280 	 0.525926 	 0.0110821 	 11.2151 	 0.126107 	 0.995574 	 0.000909856 
281 	 0.52295 	 0.0112738 	 11.2266 	 0.12667 	 0.995628 	 0.000937026 
282 	 0.520929 	 0.0109641 	 11.2385 	 0.127239 	 0.995672 	 0.000900717 
283 	 0.522567 	 0.0111985 	 11.2509 	 0.127721 	 0.995658 	 0.000894731 
284 	 0.52241 	 0.0111248 	 11.2639 	 0.128048 	 0.995672 	 0.000876695 
285 	 0.526241 	 0.0109628 	 11.277 	 0.128195 	 0.995618 	 0.000881324 
286 	 0.528037 	 0.0112608 	 11.2892 	 0.1282 	 0.995597 	 0.00090243 
287 	 0.525907 	 0.0111381 	 11.3006 	 0.12809 	 0.995645 	 0.000866862 
288 	 0.524768 	 0.0106893 	 11.3114 	 0.12802 	 0.99567 	 0.000844495 
289 	 0.521828 	 0.0108874 	 11.322 	 0.128163 	 0.99573 	 0.000822048 
290 	 0.521515 	 0.0117426 	 11.333 	 0.12855 	 0.995748 	 0.000854839 
291 	 0.521715 	 0.0114158 	 11.3446 	 0.129184 	 0.995749 	 0.000861342 
292 	 0.520228 	 0.0111159 	 11.3566 	 0.130057 	 0.995779 	 0.000855012 
293 	 0.521544 	 0.0103916 	 11.3688 	 0.131027 	 0.995766 	 0.000806265 
294 	 0.520631 	 0.0100828 	 11.3812 	 0.131952 	 0.995786 	 0.000806057 
295 	 0.522535 	 0.00905823 	 11.3938 	 0.132791 	 0.99576 	 0.000772772 
296 	 0.523057 	 0.00895105 	 11.4066 	 0.133538 	 0.99576 	 0.000780648 
297 	 0.522127 	 0.0098341 	 11.4197 	 0.134255 	 0.995785 	 0.000828609 
298 	 0.51935 	 0.00976181 	 11.4333 	 0.134847 	 0.995846 	 0.000772877 
299 	 0.51888 	 0.0101529 	 11.4477 	 0.135229 	 0.995869 	 0.000751991 
300 	 0.521041 	 0.010495 	 11.463 	 0.13539 	 0.995845 	 0.000780662 
301 	 0.522741 	 0.0112346 	 11.4784 	 0.135445 	 0.995831 	 0.000818932 
302 	 0.522468 	 0.0117242 	 11.4932 	 0.135532 	 0.995842 	 0.000855627 
303 	 0.520677 	 0.0119098 	 11.5067 	 0.135603 	 0.995879 	 0.000862366 
304 	 0.520151 	 0.0107573 	 11.519 	 0.135605 	 0.995894 	 0.000799286 
305 	 0.519805 	 0.0103535 	 11.5303 	 0.135484 	 0.995907 	 0.000782568 
306 	 0.521408 	 0.0101921 	 11.5416 	 0.135268 	 0.995894 	 0.000744716 
307 	 0.520449 	 0.0102646 	 11.553 	 0.134938 	 0.995919 	 0.000739501 
308 	 0.52413 	 0.0103072 	 11.5643 	 0.134693 	 0.99587 	 0.000742333 
309 	 0.522523 	 0.010923 	 11.576 	 0.134653 	 0.995902 	 0.000781401 
310 	 0.520393 	 0.0115191 	 11.5881 	 0.13478 	 0.995944 	 0.000820257 
311 	 0.520879 	 0.0116506 	 11.6009 	 0.135059 	 0.995944 	 0.000845306 
312 	 0.51782 	 0.0110544 	 11.6149 	 0.135436 	 0.996002 	 0.000793192 
313 	 0.521275 	 0.0097754 	 11.6294 	 0.135828 	 0.99596 	 0.000705138 
314 	 0.52348 	 0.0098199 	 11.6437 	 0.136117 	 0.995935 	 0.000715896 
315 	 0.521947 	 0.010134 	 11.6578 	 0.136246 	 0.995966 	 0.000739334 
316 	 0.523823 	 0.010026 	 11.6712 	 0.136191 	 0.995947 	 0.00073023 
317 	 0.527055 	 0.0105133 	 11.6844 	 0.13601 	 0.995908 	 0.000747513 
318 	 0.524809 	 0.0109603 	 11.6972 	 0.135801 	 0.995947 	 0.000800389 
319 	 0.523748 	 0.0115174 	 11.7099 	 0.135578 	 0.995971 	 0.00084554 
320 	 0.520206 	 0.0111397 	 11.7229 	 0.13531 	 0.996034 	 0.000825986 
321 	 0.517768 	 0.0107053 	 11.7365 	 0.135027 	 0.996078 	 0.00079799 
322 	 0.519714 	 0.010294 	 11.751 	 0.134699 	 0.996061 	 0.000757546 
323 	 0.524216 	 0.0104227 	 11.7655 	 0.134384 	 0.99601 	 0.000731656 
324 	 0.52255 	 0.0110968 	 11.7793 	 0.134107 	 0.996046 	 0.000762571 
325 	 0.520591 	 0.0119182 	 11.7925 	 0.133903 	 0.99608 	 0.000824618 
326 	 0.525272 	 0.0110979 	 11.805 	 0.133764 	 0.99602 	 0.000764507 
327 	 0.521538 	 0.0112437 	 11.8171 	 0.133646 	 0.996088 	 0.000749266 
328 	 0.518745 	 0.0116724 	 11.8281 	 0.133584 	 0.996132 	 0.000796452 
329 	 0.5203 	 0.0115687 	 11.8381 	 0.133594 	 0.996115 	 0.000798914 
330 	 0.520427 	 0.0117889 	 11.8475 	 0.133617 	 0.996119 	 0.000806959 
331 	 0.520366 	 0.0121739 	 11.8565 	 0.133662 	 0.996123 	 0.000839794 
332 	 0.525136 	 0.0121984 	 11.8652 	 0.13363 	 0.996061 	 0.000837004 
333 	 0.525593 	 0.0113288 	 11.8737 	 0.133507 	 0.996061 	 0.000781311 
334 	 0.523503 	 0.0107646 	 11.8827 	 0.133369 	 0.996091 	 0.000776872 
335 	 0.525001 	 0.0104567 	 11.8918 	 0.133296 	 0.99607 	 0.000784553 
336 	 0.522308 	 0.0105653 	 11.9011 	 0.133315 	 0.996119 	 0.00078034 
337 	 0.519121 	 0.0104388 	 11.9107 	 0.13347 	 0.996171 	 0.000776978 
338 	 0.518343 	 0.0101786 	 11.9205 	 0.13378 	 0.99619 	 0.000754487 
339 	 0.516147 	 0.00969128 	 11.9304 	 0.13421 	 0.996231 	 0.000705081 
340 	 0.517058 	 0.0103154 	 11.9403 	 0.134675 	 0.996224 	 0.000733267 
341 	 0.519455 	 0.0107973 	 11.9501 	 0.135091 	 0.996196 	 0.000752051 
342 	 0.519633 	 0.0120064 	 11.96 	 0.135413 	 0.996199 	 0.000819867 
343 	 0.522257 	 0.0125119 	 11.9698 	 0.135617 	 0.996167 	 0.000856631 
344 	 0.52557 	 0.0121726 	 11.9797 	 0.135761 	 0.99613 	 0.000818633 
345 	 0.51964 	 0.0123504 	 11.9899 	 0.136075 	 0.996226 	 0.000797009 
346 	 0.515697 	 0.0117089 	 12.0006 	 0.13661 	 0.99629 	 0.000744667 
347 	 0.519351 	 0.010957 	 12.0115 	 0.137243 	 0.996241 	 0.000726638 
348 	 0.520458 	 0.010525 	 12.023 	 0.137868 	 0.99623 	 0.0007213 
349 	 0.521164 	 0.0104966 	 12.0347 	 0.138336 	 0.996226 	 0.000730587 
350 	 0.516677 	 0.0109639 	 12.0464 	 0.138693 	 0.996302 	 0.000719503 
351 	 0.516136 	 0.0113145 	 12.0577 	 0.139019 	 0.996317 	 0.000732629 
352 	 0.518206 	 0.0112513 	 12.0687 	 0.139314 	 0.996291 	 0.000739375 
353 	 0.519308 	 0.0118512 	 12.0789 	 0.139615 	 0.996279 	 0.000790266 
354 	 0.516791 	 0.0118093 	 12.0884 	 0.139967 	 0.996319 	 0.000789408 
355 	 0.516668 	 0.0112265 	 12.0972 	 0.140402 	 0.99633 	 0.000733573 
356 	 0.518945 	 0.0111381 	 12.1064 	 0.140882 	 0.996302 	 0.000733825 
357 	 0.519367 	 0.0112945 	 12.1162 	 0.141235 	 0.996297 	 0.000772246 
358 	 0.519044 	 0.0115057 	 12.1269 	 0.141371 	 0.99631 	 0.000782084 
359 	 0.515577 	 0.0113484 	 12.138 	 0.141349 	 0.996368 	 0.000751983 
360 	 0.514741 	 0.0113127 	 12.1493 	 0.14122 	 0.996386 	 0.000741459 
361 	 0.516084 	 0.010757 	 12.161 	 0.141107 	 0.996375 	 0.000708804 
362 	 0.519553 	 0.0118976 	 12.1728 	 0.141079 	 0.996336 	 0.000760932 
363 	 0.52409 	 0.0115699 	 12.1844 	 0.141115 	 0.996276 	 0.000759711 
364 	 0.519496 	 0.0111764 	 12.1956 	 0.141142 	 0.99635 	 0.000717379 
365 	 0.516686 	 0.0113351 	 12.2065 	 0.141084 	 0.996394 	 0.000728901 
366 	 0.516793 	 0.0104235 	 12.2171 	 0.140949 	 0.996397 	 0.000696123 
367 	 0.516788 	 0.010411 	 12.2274 	 0.140763 	 0.996406 	 0.000678894 
368 	 0.516569 	 0.0102603 	 12.2373 	 0.140608 	 0.996413 	 0.000679776 
369 	 0.515444 	 0.01017 	 12.2472 	 0.140548 	 0.996433 	 0.000672043 
370 	 0.513966 	 0.0107576 	 12.2581 	 0.140662 	 0.996464 	 0.000673019 
371 	 0.518846 	 0.0110543 	 12.2703 	 0.140868 	 0.996399 	 0.000720181 
372 	 0.521151 	 0.0120221 	 12.2834 	 0.141054 	 0.996373 	 0.000792256 
373 	 0.524975 	 0.0126798 	 12.2967 	 0.141237 	 0.996332 	 0.000801084 
374 	 0.526995 	 0.0126279 	 12.3095 	 0.141471 	 0.996316 	 0.000777263 
375 	 0.525028 	 0.0120172 	 12.3213 	 0.141774 	 0.996351 	 0.00073975 
376 	 0.519221 	 0.0116458 	 12.3321 	 0.142166 	 0.996435 	 0.000722445 
377 	 0.514386 	 0.0117415 	 12.3418 	 0.142703 	 0.996505 	 0.000724002 
378 	 0.517143 	 0.0113565 	 12.3507 	 0.143332 	 0.996469 	 0.000722623 
379 	 0.519698 	 0.011596 	 12.3594 	 0.143977 	 0.996439 	 0.000731384 
380 	 0.520128 	 0.0119156 	 12.3684 	 0.14457 	 0.996436 	 0.000765218 
381 	 0.520474 	 0.0117402 	 12.3773 	 0.145021 	 0.996436 	 0.0007634 
382 	 0.522019 	 0.0119916 	 12.3864 	 0.145318 	 0.996425 	 0.000748151 
383 	 0.52325 	 0.0114906 	 12.396 	 0.145524 	 0.996411 	 0.000732913 
384 	 0.519668 	 0.0113422 	 12.4062 	 0.145608 	 0.996461 	 0.000741805 
385 	 0.51707 	 0.0112461 	 12.4168 	 0.145605 	 0.996504 	 0.00071682 
386 	 0.516617 	 0.0110167 	 12.4282 	 0.145557 	 0.996519 	 0.000696363 
387 	 0.517851 	 0.0108595 	 12.4401 	 0.145328 	 0.996506 	 0.000710777 
388 	 0.518973 	 0.0102047 	 12.4523 	 0.144796 	 0.996498 	 0.000682717 
389 	 0.523141 	 0.0101727 	 12.4641 	 0.144058 	 0.99645 	 0.000681947 
390 	 0.524458 	 0.010219 	 12.4755 	 0.143168 	 0.996439 	 0.000677566 
391 	 0.525397 	 0.0103401 	 12.4868 	 0.142172 	 0.99644 	 0.000645845 
392 	 0.522059 	 0.0113521 	 12.4982 	 0.141165 	 0.996493 	 0.000682736 
393 	 0.521656 	 0.0112797 	 12.5097 	 0.140256 	 0.996501 	 0.000689079 
394 	 0.523628 	 0.0112222 	 12.5205 	 0.139648 	 0.996483 	 0.000671919 
395 	 0.523041 	 0.0121109 	 12.5301 	 0.139383 	 0.996491 	 0.000745915 
396 	 0.522418 	 0.0121459 	 12.5385 	 0.139409 	 0.996499 	 0.000778695 
397 	 0.518939 	 0.0116026 	 12.5458 	 0.139555 	 0.996555 	 0.000720301 
398 	 0.52078 	 0.0118429 	 12.5525 	 0.139693 	 0.996538 	 0.000722776 
399 	 0.521113 	 0.0115859 	 12.5589 	 0.13974 	 0.996537 	 0.000707111 
400 	 0.517831 	 0.01122 	 12.5652 	 0.139681 	 0.996585 	 0.000675381 
401 	 0.517721 	 0.0106777 	 12.5717 	 0.139552 	 0.996592 	 0.000636084 
402 	 0.520419 	 0.0102287 	 12.5784 	 0.139547 	 0.996555 	 0.000652976 
403 	 0.521336 	 0.00990879 	 12.5858 	 0.139691 	 0.996542 	 0.000668041 
404 	 0.517032 	 0.0100674 	 12.5941 	 0.139928 	 0.996601 	 0.000668034 
405 	 0.516529 	 0.0101717 	 12.6034 	 0.140223 	 0.996614 	 0.000663074 
406 	 0.518803 	 0.00992259 	 12.6128 	 0.140541 	 0.996594 	 0.000626754 
407 	 0.519254 	 0.0103654 	 12.6221 	 0.140838 	 0.996594 	 0.000635584 
408 	 0.52412 	 0.0105445 	 12.6309 	 0.14096 	 0.996536 	 0.000643873 
409 	 0.524391 	 0.0102813 	 12.639 	 0.140861 	 0.996535 	 0.000641565 
410 	 0.51963 	 0.0106615 	 12.6465 	 0.140726 	 0.996599 	 0.000670104 
411 	 0.520701 	 0.010826 	 12.6536 	 0.140627 	 0.996589 	 0.00068399 
412 	 0.521401 	 0.0111816 	 12.6604 	 0.140548 	 0.996587 	 0.000686807 
413 	 0.518756 	 0.0111169 	 12.6672 	 0.140531 	 0.996625 	 0.000676553 
414 	 0.520335 	 0.0111883 	 12.6745 	 0.140514 	 0.996609 	 0.000677634 
415 	 0.520016 	 0.0110606 	 12.6823 	 0.14041 	 0.996617 	 0.000669403 
416 	 0.520519 	 0.0102054 	 12.6906 	 0.140259 	 0.996617 	 0.000619039 
417 	 0.522795 	 0.0105658 	 12.6989 	 0.140167 	 0.996595 	 0.000621393 
418 	 0.524285 	 0.01172 	 12.7067 	 0.140075 	 0.996579 	 0.000676908 
419 	 0.520478 	 0.0117877 	 12.7141 	 0.139949 	 0.99663 	 0.00068505 
420 	 0.51949 	 0.011094 	 12.7212 	 0.139749 	 0.996648 	 0.000651433 
421 	 0.51881 	 0.0103364 	 12.7283 	 0.139496 	 0.996661 	 0.000599762 
422 	 0.51695 	 0.00960177 	 12.7356 	 0.139329 	 0.996687 	 0.000568447 
423 	 0.518166 	 0.0095446 	 12.743 	 0.139318 	 0.996673 	 0.0005832 
424 	 0.518412 	 0.00937139 	 12.7506 	 0.139345 	 0.996673 	 0.000588373 
425 	 0.520684 	 0.00905881 	 12.7583 	 0.139348 	 0.996644 	 0.000606817 
426 	 0.522847 	 0.00984359 	 12.7661 	 0.139286 	 0.996621 	 0.000650409 
427 	 0.522064 	 0.0105742 	 12.7736 	 0.139169 	 0.996636 	 0.000675479 
428 	 0.521935 	 0.0103651 	 12.7803 	 0.13901 	 0.996644 	 0.000641553 
429 	 0.52121 	 0.0108594 	 12.786 	 0.138843 	 0.99666 	 0.000638891 
430 	 0.519192 	 0.0108144 	 12.7909 	 0.138721 	 0.996692 	 0.00060943 
431 	 0.516227 	 0.00957922 	 12.7956 	 0.138673 	 0.996728 	 0.000565691 
432 	 0.518196 	 0.00949697 	 12.8005 	 0.138566 	 0.996707 	 0.000554405 
433 	 0.521708 	 0.00983379 	 12.8059 	 0.138343 	 0.996666 	 0.000572983 
434 	 0.520334 	 0.00953197 	 12.8118 	 0.138058 	 0.996686 	 0.000560499 
435 	 0.520165 	 0.00962239 	 12.8177 	 0.137772 	 0.996688 	 0.000588395 
436 	 0.51887 	 0.0103675 	 12.824 	 0.137544 	 0.996706 	 0.000631099 
437 	 0.518427 	 0.0106547 	 12.8302 	 0.137425 	 0.996715 	 0.00064233 
438 	 0.515949 	 0.0108362 	 12.8361 	 0.137461 	 0.996748 	 0.000653454 
439 	 0.517389 	 0.0102637 	 12.8417 	 0.137665 	 0.996734 	 0.00062152 
440 	 0.517488 	 0.00989486 	 12.8474 	 0.138017 	 0.996736 	 0.000599878 
441 	 0.518123 	 0.00984917 	 12.8533 	 0.138403 	 0.996725 	 0.000625507 
442 	 0.519154 	 0.0102559 	 12.8592 	 0.138635 	 0.996715 	 0.000653348 
443 	 0.521394 	 0.00995782 	 12.8649 	 0.138736 	 0.996691 	 0.000633519 
444 	 0.519849 	 0.00925083 	 12.8703 	 0.138737 	 0.996715 	 0.000585018 
445 	 0.518371 	 0.00935334 	 12.8752 	 0.138652 	 0.99674 	 0.000561584 
446 	 0.518338 	 0.00973155 	 12.8794 	 0.138547 	 0.996743 	 0.000575298 
447 	 0.518371 	 0.00928457 	 12.8829 	 0.138457 	 0.996741 	 0.000572716 
448 	 0.519462 	 0.00902017 	 12.8859 	 0.138307 	 0.996725 	 0.000586125 
449 	 0.517578 	 0.00965137 	 12.8885 	 0.138145 	 0.99675 	 0.000608835 
450 	 0.51649 	 0.00881241 	 12.8914 	 0.13804 	 0.996768 	 0.000556799 