#data for Fig. 3(a)
#Parameters: J_perp = 500t, J_parallel = 0.

#tau: evolution time

#Delta_rms: root-mean-square of Delta = (x1 - x2)/2
#Delta_std: standard error on Delta_rms estimated from sampling 

#X_rms: root-mean-square of X = (x1 + x2)/2
#X_std: standard error on X_rms estimated from sampling

#corr(x1,x2): correlation coefficient of x1, x2. 
#std on corr(x1,x2) estimated from sampling.

tau 	 Delta_rms 	 Delta_std 	  	 X_rms	 	 X_std		     corr(x1,x2)  	 std on corr(x1,x2) 

0 	 0 	 0 	 0 	 0 	 0 	 0 
0.05 	 0.000897775 	 1.54775e-05 	 0.00128928 	 2.53399e-06 	 0.350368 	 0.0668258 
0.1 	 0.00180083 	 3.06173e-05 	 0.00257871 	 5.052e-06 	 0.347787 	 0.0657546 
0.15 	 0.00269397 	 4.57241e-05 	 0.00386639 	 7.54721e-06 	 0.349756 	 0.0657085 
0.2 	 0.00358633 	 6.05745e-05 	 0.00515155 	 1.00898e-05 	 0.350471 	 0.0654046 
0.25 	 0.00446889 	 7.53357e-05 	 0.00643403 	 1.25139e-05 	 0.352454 	 0.065171 
0.3 	 0.00534385 	 8.98479e-05 	 0.00771392 	 1.4895e-05 	 0.354711 	 0.0649765 
0.35 	 0.00620828 	 0.000104108 	 0.00899038 	 1.71848e-05 	 0.357464 	 0.0647601 
0.4 	 0.00706148 	 0.00011802 	 0.0102619 	 1.94609e-05 	 0.360483 	 0.0644963 
0.45 	 0.00790078 	 0.000131527 	 0.011529 	 2.16447e-05 	 0.364013 	 0.0641449 
0.5 	 0.00872455 	 0.000144707 	 0.012792 	 2.37175e-05 	 0.368096 	 0.063804 
0.55 	 0.00953204 	 0.000157386 	 0.0140496 	 2.58252e-05 	 0.372575 	 0.0633926 
0.6 	 0.0103217 	 0.000169564 	 0.015302 	 2.77806e-05 	 0.377497 	 0.062924 
0.65 	 0.0110911 	 0.000181283 	 0.016549 	 2.97238e-05 	 0.382953 	 0.0624244 
0.7 	 0.0118394 	 0.000192401 	 0.0177908 	 3.15909e-05 	 0.388901 	 0.0618498 
0.75 	 0.0125657 	 0.000202993 	 0.019027 	 3.34294e-05 	 0.395293 	 0.0612297 
0.8 	 0.0132683 	 0.000213007 	 0.020258 	 3.52314e-05 	 0.402189 	 0.0605562 
0.85 	 0.0139464 	 0.000222414 	 0.0214838 	 3.69878e-05 	 0.409553 	 0.0598231 
0.9 	 0.0145985 	 0.000231236 	 0.0227049 	 3.87295e-05 	 0.417425 	 0.0590373 
0.95 	 0.0152243 	 0.000239441 	 0.0239211 	 4.04548e-05 	 0.42574 	 0.0581946 
1 	 0.0158226 	 0.000247052 	 0.0251328 	 4.21618e-05 	 0.434525 	 0.0573014 
1.05 	 0.0163928 	 0.000254053 	 0.0263403 	 4.38299e-05 	 0.443751 	 0.0563503 
1.1 	 0.0169341 	 0.000260525 	 0.0275437 	 4.55081e-05 	 0.453411 	 0.0553626 
1.15 	 0.0174465 	 0.000266416 	 0.0287435 	 4.71632e-05 	 0.463471 	 0.0543279 
1.2 	 0.0179294 	 0.000271818 	 0.0299395 	 4.88061e-05 	 0.473907 	 0.0532621 
1.25 	 0.0183828 	 0.000276755 	 0.0311325 	 5.04671e-05 	 0.484704 	 0.0521657 
1.3 	 0.0188068 	 0.000281251 	 0.0323222 	 5.21237e-05 	 0.495807 	 0.0510473 
1.35 	 0.0192014 	 0.000285371 	 0.0335091 	 5.37884e-05 	 0.507198 	 0.0499124 
1.4 	 0.0195668 	 0.000289185 	 0.0346932 	 5.54651e-05 	 0.51884 	 0.0487762 
1.45 	 0.0199039 	 0.000292746 	 0.0358745 	 5.71874e-05 	 0.530674 	 0.047643 
1.5 	 0.0202129 	 0.000296109 	 0.0370532 	 5.89443e-05 	 0.542676 	 0.0465192 
1.55 	 0.0204946 	 0.000299361 	 0.0382293 	 6.07523e-05 	 0.554803 	 0.0454181 
1.6 	 0.0207499 	 0.000302581 	 0.0394028 	 6.26237e-05 	 0.567003 	 0.0443484 
1.65 	 0.0209796 	 0.000305842 	 0.0405737 	 6.45899e-05 	 0.579243 	 0.043319 
1.7 	 0.021185 	 0.000309154 	 0.0417418 	 6.66365e-05 	 0.591466 	 0.0423281 
1.75 	 0.0213673 	 0.000312649 	 0.0429072 	 6.87889e-05 	 0.60364 	 0.0413896 
1.8 	 0.0215278 	 0.000316359 	 0.0440697 	 7.1056e-05 	 0.615716 	 0.0405055 
1.85 	 0.0216676 	 0.000320315 	 0.045229 	 7.34237e-05 	 0.627661 	 0.0396753 
1.9 	 0.0217881 	 0.000324621 	 0.0463854 	 7.59124e-05 	 0.63944 	 0.0389106 
1.95 	 0.0218909 	 0.000329264 	 0.0475383 	 7.85169e-05 	 0.651016 	 0.0382035 
2 	 0.0219775 	 0.000334266 	 0.0486878 	 8.12366e-05 	 0.662357 	 0.0375523 
2.05 	 0.0220491 	 0.000339694 	 0.0498339 	 8.40538e-05 	 0.673441 	 0.0369624 
2.1 	 0.0221073 	 0.000345512 	 0.0509762 	 8.69744e-05 	 0.684241 	 0.0364243 
2.15 	 0.0221533 	 0.000351743 	 0.0521149 	 8.99651e-05 	 0.694741 	 0.0359374 
2.2 	 0.0221889 	 0.000358389 	 0.0532496 	 9.30319e-05 	 0.704919 	 0.0354991 
2.25 	 0.0222153 	 0.000365427 	 0.0543806 	 9.61359e-05 	 0.714764 	 0.0351025 
2.3 	 0.0222336 	 0.000372874 	 0.0555077 	 9.92811e-05 	 0.724267 	 0.0347472 
2.35 	 0.0222452 	 0.000380673 	 0.0566309 	 0.000102425 	 0.733425 	 0.0344252 
2.4 	 0.0222509 	 0.000388844 	 0.0577504 	 0.000105565 	 0.742236 	 0.0341365 
2.45 	 0.0222521 	 0.00039734 	 0.0588661 	 0.000108664 	 0.750696 	 0.0338748 
2.5 	 0.0222495 	 0.000406146 	 0.0599781 	 0.000111719 	 0.758811 	 0.033637 
2.55 	 0.022244 	 0.000415252 	 0.0610867 	 0.000114691 	 0.766587 	 0.0334216 
2.6 	 0.0222364 	 0.000424627 	 0.062192 	 0.000117577 	 0.77403 	 0.0332251 
2.65 	 0.0222273 	 0.000434225 	 0.0632941 	 0.000120346 	 0.781149 	 0.033043 
2.7 	 0.0222173 	 0.000444011 	 0.0643932 	 0.000122979 	 0.787954 	 0.0328724 
2.75 	 0.0222068 	 0.000453992 	 0.0654897 	 0.000125471 	 0.794459 	 0.0327134 
2.8 	 0.0221961 	 0.000464064 	 0.0665837 	 0.000127787 	 0.800673 	 0.0325587 
2.85 	 0.0221857 	 0.000474228 	 0.0676754 	 0.000129928 	 0.806611 	 0.0324078 
2.9 	 0.0221759 	 0.000484412 	 0.0687652 	 0.000131879 	 0.812283 	 0.0322567 
2.95 	 0.0221665 	 0.000494603 	 0.0698532 	 0.000133624 	 0.817706 	 0.0321042 
3 	 0.0221581 	 0.000504705 	 0.0709398 	 0.000135154 	 0.82289 	 0.0319449 
3.05 	 0.0221506 	 0.000514679 	 0.0720251 	 0.000136457 	 0.827847 	 0.0317769 
3.1 	 0.022144 	 0.000524468 	 0.0731095 	 0.000137532 	 0.83259 	 0.0315977 
3.15 	 0.0221386 	 0.000534015 	 0.0741932 	 0.000138378 	 0.83713 	 0.0314042 
3.2 	 0.0221342 	 0.000543282 	 0.0752763 	 0.000138977 	 0.841478 	 0.0311956 
3.25 	 0.0221309 	 0.000552186 	 0.0763592 	 0.000139347 	 0.845646 	 0.030968 
3.3 	 0.0221288 	 0.000560689 	 0.077442 	 0.000139465 	 0.84964 	 0.0307208 
3.35 	 0.0221278 	 0.000568767 	 0.0785248 	 0.000139357 	 0.853472 	 0.0304537 
3.4 	 0.0221278 	 0.000576341 	 0.0796078 	 0.000139005 	 0.857151 	 0.030164 
3.45 	 0.0221289 	 0.000583388 	 0.0806912 	 0.000138425 	 0.860683 	 0.0298521 
3.5 	 0.022131 	 0.000589908 	 0.0817751 	 0.00013763 	 0.864079 	 0.0295189 
3.55 	 0.0221341 	 0.000595845 	 0.0828597 	 0.000136616 	 0.867344 	 0.0291634 
3.6 	 0.0221382 	 0.00060117 	 0.0839448 	 0.0001354 	 0.870484 	 0.0287861 
3.65 	 0.0221432 	 0.000605904 	 0.0850308 	 0.00013399 	 0.873507 	 0.0283888 
3.7 	 0.022149 	 0.000610051 	 0.0861176 	 0.000132399 	 0.876419 	 0.0279733 
3.75 	 0.0221554 	 0.000613606 	 0.0872052 	 0.000130643 	 0.879227 	 0.0275406 
3.8 	 0.0221626 	 0.000616572 	 0.0882937 	 0.000128737 	 0.881936 	 0.0270921 
3.85 	 0.0221701 	 0.000619014 	 0.0893832 	 0.000126691 	 0.884552 	 0.0266316 
3.9 	 0.022178 	 0.000620869 	 0.0904735 	 0.000124538 	 0.88708 	 0.0261573 
3.95 	 0.022186 	 0.000622253 	 0.0915648 	 0.00012228 	 0.889527 	 0.0256752 
4 	 0.022194 	 0.000623155 	 0.092657 	 0.000119938 	 0.891896 	 0.0251856 
4.05 	 0.0222016 	 0.00062363 	 0.0937501 	 0.000117537 	 0.894194 	 0.0246908 
4.1 	 0.0222088 	 0.000623703 	 0.094844 	 0.000115093 	 0.896424 	 0.024193 
4.15 	 0.0222153 	 0.000623438 	 0.0959388 	 0.000112614 	 0.898593 	 0.0236946 
4.2 	 0.0222206 	 0.000622845 	 0.0970344 	 0.000110126 	 0.900704 	 0.0231962 
4.25 	 0.0222248 	 0.000621986 	 0.0981307 	 0.000107646 	 0.902762 	 0.0227005 
4.3 	 0.0222274 	 0.00062088 	 0.0992278 	 0.000105185 	 0.904771 	 0.0222082 
4.35 	 0.0222282 	 0.000619601 	 0.100326 	 0.000102761 	 0.906734 	 0.021722 
4.4 	 0.0222268 	 0.00061815 	 0.101424 	 0.000100393 	 0.908656 	 0.0212416 
4.45 	 0.0222231 	 0.000616538 	 0.102523 	 9.80787e-05 	 0.910539 	 0.0207674 
4.5 	 0.0222166 	 0.000614859 	 0.103623 	 9.58364e-05 	 0.912387 	 0.0203024 
4.55 	 0.0222074 	 0.000613074 	 0.104723 	 9.36729e-05 	 0.914203 	 0.019845 
4.6 	 0.0221948 	 0.000611249 	 0.105823 	 9.15936e-05 	 0.915989 	 0.0193971 
4.65 	 0.022179 	 0.000609368 	 0.106925 	 8.96023e-05 	 0.917746 	 0.018958 
4.7 	 0.0221596 	 0.000607475 	 0.108026 	 8.77081e-05 	 0.919478 	 0.0185286 
4.75 	 0.0221364 	 0.00060557 	 0.109128 	 8.59032e-05 	 0.921186 	 0.0181087 
4.8 	 0.0221091 	 0.000603669 	 0.110231 	 8.419e-05 	 0.922872 	 0.0176983 
4.85 	 0.022078 	 0.000601769 	 0.111333 	 8.2568e-05 	 0.924535 	 0.0172972 
4.9 	 0.0220425 	 0.000599884 	 0.112437 	 8.1032e-05 	 0.926179 	 0.0169053 
4.95 	 0.0220027 	 0.000598025 	 0.11354 	 7.95835e-05 	 0.927803 	 0.0165226 
5 	 0.0219586 	 0.00059616 	 0.114644 	 7.82047e-05 	 0.929408 	 0.016148 
5.05 	 0.0219101 	 0.000594338 	 0.115749 	 7.68999e-05 	 0.930993 	 0.0157826 
5.1 	 0.0218572 	 0.000592557 	 0.116853 	 7.56559e-05 	 0.93256 	 0.015426 
5.15 	 0.0218 	 0.000590793 	 0.117959 	 7.44754e-05 	 0.934107 	 0.0150773 
5.2 	 0.0217387 	 0.000589074 	 0.119064 	 7.33447e-05 	 0.935635 	 0.014737 
5.25 	 0.0216733 	 0.000587378 	 0.12017 	 7.22614e-05 	 0.937142 	 0.0144045 
5.3 	 0.0216038 	 0.000585728 	 0.121277 	 7.12164e-05 	 0.938629 	 0.01408 
5.35 	 0.0215308 	 0.000584098 	 0.122384 	 7.02054e-05 	 0.940093 	 0.0137629 
5.4 	 0.0214543 	 0.000582515 	 0.123492 	 6.92239e-05 	 0.941534 	 0.0134536 
5.45 	 0.0213749 	 0.00058099 	 0.1246 	 6.82649e-05 	 0.942949 	 0.0131524 
5.5 	 0.0212928 	 0.000579493 	 0.125709 	 6.7329e-05 	 0.944339 	 0.0128584 
5.55 	 0.0212084 	 0.000578053 	 0.126818 	 6.64139e-05 	 0.945701 	 0.0125724 
5.6 	 0.0211224 	 0.000576635 	 0.127928 	 6.55091e-05 	 0.947033 	 0.0122936 
5.65 	 0.0210351 	 0.000575297 	 0.129038 	 6.46211e-05 	 0.948333 	 0.0120231 
5.7 	 0.0209475 	 0.000573978 	 0.13015 	 6.37428e-05 	 0.949599 	 0.01176 
5.75 	 0.0208601 	 0.000572726 	 0.131261 	 6.28731e-05 	 0.950829 	 0.0115051 
5.8 	 0.0207734 	 0.0005715 	 0.132373 	 6.20127e-05 	 0.952022 	 0.0112577 
5.85 	 0.0206884 	 0.000570326 	 0.133486 	 6.1164e-05 	 0.953175 	 0.0110184 
5.9 	 0.0206058 	 0.000569144 	 0.134599 	 6.03176e-05 	 0.954285 	 0.0107862 
5.95 	 0.0205264 	 0.000567989 	 0.135712 	 5.94812e-05 	 0.955353 	 0.0105619 
6 	 0.0204509 	 0.000566817 	 0.136826 	 5.86547e-05 	 0.956375 	 0.0103447 
6.05 	 0.0203802 	 0.000565621 	 0.137941 	 5.78343e-05 	 0.957351 	 0.0101347 
6.1 	 0.0203149 	 0.000564381 	 0.139055 	 5.70247e-05 	 0.958279 	 0.0099316 
6.15 	 0.0202557 	 0.000563083 	 0.14017 	 5.6221e-05 	 0.959159 	 0.0097352 
6.2 	 0.0202033 	 0.00056171 	 0.141285 	 5.54263e-05 	 0.959991 	 0.00954525 
6.25 	 0.0201582 	 0.000560215 	 0.1424 	 5.46428e-05 	 0.960774 	 0.00936104 
6.3 	 0.0201208 	 0.000558594 	 0.143515 	 5.38642e-05 	 0.961509 	 0.00918245 
6.35 	 0.0200914 	 0.000556827 	 0.14463 	 5.30982e-05 	 0.962196 	 0.00900909 
6.4 	 0.0200703 	 0.000554895 	 0.145745 	 5.23428e-05 	 0.962837 	 0.00884058 
6.45 	 0.0200575 	 0.000552756 	 0.14686 	 5.15973e-05 	 0.963433 	 0.00867611 
6.5 	 0.0200531 	 0.000550451 	 0.147975 	 5.08617e-05 	 0.963987 	 0.00851616 
6.55 	 0.0200565 	 0.000547932 	 0.149089 	 5.01422e-05 	 0.964501 	 0.00835967 
6.6 	 0.0200676 	 0.00054523 	 0.150204 	 4.94308e-05 	 0.964977 	 0.00820688 
6.65 	 0.020086 	 0.00054231 	 0.151318 	 4.87298e-05 	 0.965419 	 0.00805698 
6.7 	 0.0201107 	 0.000539199 	 0.152432 	 4.8046e-05 	 0.96583 	 0.00790989 
6.75 	 0.0201413 	 0.000535916 	 0.153546 	 4.73739e-05 	 0.966214 	 0.00776557 
6.8 	 0.0201768 	 0.000532477 	 0.154659 	 4.67112e-05 	 0.966574 	 0.00762384 
6.85 	 0.0202163 	 0.00052886 	 0.155773 	 4.60593e-05 	 0.966914 	 0.0074839 
6.9 	 0.0202584 	 0.000525123 	 0.156886 	 4.54168e-05 	 0.96724 	 0.00734609 
6.95 	 0.0203026 	 0.000521259 	 0.157999 	 4.4785e-05 	 0.967552 	 0.00721001 
7 	 0.0203472 	 0.000517306 	 0.159112 	 4.41605e-05 	 0.967858 	 0.00707559 
7.05 	 0.0203914 	 0.000513278 	 0.160225 	 4.35451e-05 	 0.968159 	 0.00694273 
7.1 	 0.0204339 	 0.000509195 	 0.161337 	 4.29359e-05 	 0.968459 	 0.00681126 
7.15 	 0.0204735 	 0.000505084 	 0.16245 	 4.23323e-05 	 0.968763 	 0.00668111 
7.2 	 0.0205093 	 0.000500932 	 0.163563 	 4.17302e-05 	 0.969073 	 0.00655188 
7.25 	 0.0205401 	 0.000496781 	 0.164675 	 4.11327e-05 	 0.969392 	 0.00642376 
7.3 	 0.0205648 	 0.000492664 	 0.165788 	 4.05369e-05 	 0.969723 	 0.0062969 
7.35 	 0.0205826 	 0.00048862 	 0.1669 	 3.99498e-05 	 0.970067 	 0.0061716 
7.4 	 0.0205928 	 0.000484627 	 0.168013 	 3.9362e-05 	 0.970427 	 0.00604738 
7.45 	 0.0205945 	 0.000480702 	 0.169126 	 3.87791e-05 	 0.970804 	 0.00592424 
7.5 	 0.0205868 	 0.000476932 	 0.170239 	 3.82073e-05 	 0.971199 	 0.00580308 
7.55 	 0.0205698 	 0.000473292 	 0.171352 	 3.76407e-05 	 0.971612 	 0.0056836 
7.6 	 0.0205425 	 0.000469794 	 0.172465 	 3.70834e-05 	 0.972045 	 0.00556572 
7.65 	 0.0205047 	 0.000466532 	 0.173578 	 3.65407e-05 	 0.972497 	 0.00545052 
7.7 	 0.0204565 	 0.000463505 	 0.174692 	 3.6013e-05 	 0.972967 	 0.00533795 
7.75 	 0.0203976 	 0.000460723 	 0.175806 	 3.55034e-05 	 0.973455 	 0.005228 
7.8 	 0.0203279 	 0.000458208 	 0.17692 	 3.50164e-05 	 0.97396 	 0.00512091 
7.85 	 0.0202479 	 0.000456011 	 0.178034 	 3.45528e-05 	 0.97448 	 0.0050172 
7.9 	 0.0201577 	 0.000454151 	 0.179148 	 3.4114e-05 	 0.975013 	 0.00491703 
7.95 	 0.0200575 	 0.000452611 	 0.180263 	 3.37054e-05 	 0.975559 	 0.00482016 
8 	 0.0199482 	 0.00045141 	 0.181378 	 3.33261e-05 	 0.976114 	 0.00472679 
8.05 	 0.0198302 	 0.000450568 	 0.182494 	 3.29788e-05 	 0.976677 	 0.00463714 
8.1 	 0.0197041 	 0.000450036 	 0.183609 	 3.26648e-05 	 0.977245 	 0.00455063 
8.15 	 0.0195709 	 0.000449834 	 0.184725 	 3.23825e-05 	 0.977815 	 0.00446754 
8.2 	 0.0194315 	 0.000449926 	 0.185841 	 3.21349e-05 	 0.978385 	 0.00438753 
8.25 	 0.019287 	 0.000450268 	 0.186958 	 3.19175e-05 	 0.978953 	 0.00431023 
8.3 	 0.0191384 	 0.000450824 	 0.188075 	 3.17309e-05 	 0.979516 	 0.00423541 
8.35 	 0.0189869 	 0.000451529 	 0.189193 	 3.15745e-05 	 0.980071 	 0.00416259 
8.4 	 0.018834 	 0.000452357 	 0.19031 	 3.14409e-05 	 0.980615 	 0.00409174 
8.45 	 0.0186807 	 0.0004532 	 0.191428 	 3.13348e-05 	 0.981146 	 0.00402204 
8.5 	 0.0185287 	 0.000454047 	 0.192547 	 3.12437e-05 	 0.981662 	 0.0039537 
8.55 	 0.0183792 	 0.000454763 	 0.193666 	 3.11749e-05 	 0.98216 	 0.00388578 
8.6 	 0.018234 	 0.000455337 	 0.194785 	 3.11175e-05 	 0.982637 	 0.00381859 
8.65 	 0.0180944 	 0.000455707 	 0.195905 	 3.10694e-05 	 0.983093 	 0.00375189 
8.7 	 0.0179617 	 0.000455743 	 0.197025 	 3.10332e-05 	 0.983526 	 0.00368495 
8.75 	 0.0178377 	 0.000455482 	 0.198146 	 3.09976e-05 	 0.983932 	 0.00361848 
8.8 	 0.0177235 	 0.000454793 	 0.199267 	 3.09643e-05 	 0.984312 	 0.00355172 
8.85 	 0.0176206 	 0.000453687 	 0.200388 	 3.09318e-05 	 0.984664 	 0.00348516 
8.9 	 0.01753 	 0.000452152 	 0.20151 	 3.08939e-05 	 0.984987 	 0.00341892 
8.95 	 0.0174528 	 0.000450155 	 0.202632 	 3.08511e-05 	 0.985281 	 0.00335302 
9 	 0.0173901 	 0.000447732 	 0.203755 	 3.08007e-05 	 0.985545 	 0.00328794 
9.05 	 0.0173423 	 0.000444871 	 0.204878 	 3.07432e-05 	 0.98578 	 0.00322365 
9.1 	 0.0173101 	 0.000441596 	 0.206001 	 3.06764e-05 	 0.985985 	 0.00316044 
9.15 	 0.0172939 	 0.000437999 	 0.207125 	 3.05946e-05 	 0.986161 	 0.00309892 
9.2 	 0.0172937 	 0.000434115 	 0.208249 	 3.05056e-05 	 0.986309 	 0.0030393 
9.25 	 0.0173092 	 0.000429961 	 0.209373 	 3.04001e-05 	 0.986431 	 0.0029815 
9.3 	 0.0173402 	 0.000425659 	 0.210498 	 3.02849e-05 	 0.986526 	 0.00292624 
9.35 	 0.0173863 	 0.000421276 	 0.211624 	 3.0155e-05 	 0.986598 	 0.00287371 
9.4 	 0.0174463 	 0.000416828 	 0.212749 	 3.00108e-05 	 0.986647 	 0.00282372 
9.45 	 0.0175197 	 0.000412467 	 0.213875 	 2.98499e-05 	 0.986675 	 0.00277705 
9.5 	 0.0176048 	 0.000408172 	 0.215002 	 2.96737e-05 	 0.986686 	 0.00273318 
9.55 	 0.0177008 	 0.000404033 	 0.216128 	 2.94853e-05 	 0.98668 	 0.00269244 
9.6 	 0.0178061 	 0.000400052 	 0.217255 	 2.92794e-05 	 0.98666 	 0.00265448 
9.65 	 0.0179192 	 0.000396303 	 0.218382 	 2.90568e-05 	 0.986629 	 0.0026195 
9.7 	 0.0180386 	 0.000392801 	 0.21951 	 2.88176e-05 	 0.986589 	 0.00258728 
9.75 	 0.0181627 	 0.000389512 	 0.220638 	 2.85653e-05 	 0.986543 	 0.00255732 
9.8 	 0.0182899 	 0.000386451 	 0.221766 	 2.82979e-05 	 0.986492 	 0.00252942 
9.85 	 0.0184185 	 0.000383651 	 0.222894 	 2.80172e-05 	 0.98644 	 0.00250356 
9.9 	 0.0185473 	 0.000381052 	 0.224022 	 2.77234e-05 	 0.986388 	 0.00247913 
9.95 	 0.0186746 	 0.000378678 	 0.225151 	 2.74225e-05 	 0.986339 	 0.00245609 
10 	 0.0187991 	 0.000376482 	 0.22628 	 2.71119e-05 	 0.986294 	 0.00243395 
12 	 0.0190928 	 0.000364169 	 0.27121 	 2.73966e-05 	 0.990138 	 0.00167421 
14 	 0.0205306 	 0.000358517 	 0.315903 	 3.40466e-05 	 0.991589 	 0.00130908 
16 	 0.0207387 	 0.000331055 	 0.360418 	 5.21722e-05 	 0.9934 	 0.00094112 
18 	 0.0186159 	 0.000462975 	 0.404622 	 7.1789e-05 	 0.995775 	 0.000939591 
20 	 0.0189549 	 0.00045626 	 0.4489 	 9.92022e-05 	 0.99644 	 0.000767294 
22 	 0.0190203 	 0.00051155 	 0.492963 	 0.000133879 	 0.997027 	 0.000714708 
24 	 0.0206241 	 0.000339199 	 0.536714 	 0.000170409 	 0.997051 	 0.000435469 
26 	 0.0202416 	 0.000389495 	 0.580121 	 0.000209768 	 0.997567 	 0.000422805 
28 	 0.0212266 	 0.000339716 	 0.623408 	 0.000258451 	 0.997684 	 0.000334626 
30 	 0.0192578 	 0.000417385 	 0.666304 	 0.00031004 	 0.99833 	 0.000324689 
32 	 0.0179491 	 0.000524417 	 0.709027 	 0.000368407 	 0.998719 	 0.000336391 
34 	 0.0205689 	 0.000391717 	 0.751337 	 0.000429303 	 0.998502 	 0.000257383 
36 	 0.0203147 	 0.000309624 	 0.793276 	 0.000495237 	 0.998689 	 0.000181272 
38 	 0.0196528 	 0.000363649 	 0.834889 	 0.000566936 	 0.998892 	 0.000185755 
40 	 0.0193692 	 0.000440028 	 0.876205 	 0.000643227 	 0.999023 	 0.000201273 
42 	 0.0202643 	 0.0003791 	 0.917179 	 0.000723837 	 0.999024 	 0.000165231 
44 	 0.0189641 	 0.00047268 	 0.957684 	 0.000809743 	 0.999216 	 0.000176014 
46 	 0.0204463 	 0.000317939 	 0.99779 	 0.000901467 	 0.99916 	 0.000118674 
48 	 0.0211853 	 0.000370638 	 1.03753 	 0.000997682 	 0.999166 	 0.000131931 
50 	 0.0175891 	 0.000511352 	 1.07686 	 0.00110022 	 0.999466 	 0.000139956 
52 	 0.0211456 	 0.000376862 	 1.1158 	 0.00121006 	 0.999282 	 0.000116941 
54 	 0.0201733 	 0.000421207 	 1.15428 	 0.00132683 	 0.999389 	 0.000115624 
56 	 0.0186843 	 0.000406649 	 1.19226 	 0.00145214 	 0.999509 	 9.62966e-05 
58 	 0.0204043 	 0.000395055 	 1.22989 	 0.00158719 	 0.999449 	 9.6285e-05 
60 	 0.0208544 	 0.000370998 	 1.2671 	 0.00173248 	 0.999458 	 8.77841e-05 
62 	 0.018019 	 0.00051256 	 1.30383 	 0.00188752 	 0.999618 	 9.8286e-05 
64 	 0.0204489 	 0.000386184 	 1.34009 	 0.00205654 	 0.999534 	 7.91662e-05 
66 	 0.0197518 	 0.000428883 	 1.37591 	 0.00223777 	 0.999588 	 8.1921e-05 
68 	 0.0202491 	 0.000393548 	 1.41126 	 0.00243377 	 0.999588 	 7.11431e-05 
70 	 0.0192212 	 0.000365879 	 1.44619 	 0.00264458 	 0.999647 	 6.04498e-05 
72 	 0.02021 	 0.000379473 	 1.48065 	 0.0028706 	 0.999627 	 6.38777e-05 
74 	 0.0210987 	 0.000406217 	 1.51465 	 0.00311203 	 0.999612 	 6.73701e-05 
76 	 0.0187262 	 0.000506969 	 1.54815 	 0.00337062 	 0.999707 	 7.14074e-05 
78 	 0.019866 	 0.000342974 	 1.58129 	 0.00364648 	 0.999684 	 4.83582e-05 
80 	 0.0204347 	 0.000366737 	 1.6139 	 0.003939 	 0.999679 	 5.17662e-05 
82 	 0.0186003 	 0.000401669 	 1.64609 	 0.00424952 	 0.999744 	 5.00486e-05 
84 	 0.0203786 	 0.000409854 	 1.67781 	 0.00457637 	 0.999705 	 5.40261e-05 
86 	 0.020121 	 0.000455093 	 1.70907 	 0.00492002 	 0.999723 	 5.51329e-05 
88 	 0.0190806 	 0.000426379 	 1.7399 	 0.00528194 	 0.99976 	 4.67109e-05 
90 	 0.0208215 	 0.000324247 	 1.77029 	 0.00566004 	 0.999723 	 4.03813e-05 
92 	 0.020273 	 0.00033224 	 1.80024 	 0.00605358 	 0.999746 	 3.84406e-05 
94 	 0.0191176 	 0.000441712 	 1.82973 	 0.00646377 	 0.999782 	 4.44258e-05 
96 	 0.0204336 	 0.000425273 	 1.85882 	 0.00688985 	 0.999758 	 4.40614e-05 
98 	 0.0199725 	 0.000436911 	 1.88748 	 0.00733108 	 0.999776 	 4.38822e-05 
100 	 0.0192373 	 0.000407565 	 1.91571 	 0.00778598 	 0.999798 	 3.8059e-05 
102 	 0.0196355 	 0.000384806 	 1.9435 	 0.00825483 	 0.999796 	 3.71575e-05 
104 	 0.0206698 	 0.000356377 	 1.97091 	 0.00873771 	 0.99978 	 3.40747e-05 
106 	 0.0191061 	 0.000420092 	 1.9979 	 0.00923309 	 0.999817 	 3.5852e-05 
108 	 0.0202256 	 0.000326373 	 2.0245 	 0.00973934 	 0.9998 	 2.86363e-05 
110 	 0.0204801 	 0.000424451 	 2.0507 	 0.0102581 	 0.9998 	 3.65695e-05 
112 	 0.0198531 	 0.000494014 	 2.07651 	 0.0107861 	 0.999817 	 4.01781e-05 
114 	 0.0201179 	 0.000374441 	 2.10193 	 0.0113237 	 0.999817 	 3.03843e-05 
116 	 0.0199301 	 0.000372224 	 2.127 	 0.0118704 	 0.999824 	 3.12913e-05 
118 	 0.0198206 	 0.000359305 	 2.15168 	 0.0124249 	 0.99983 	 2.67289e-05 
120 	 0.0194523 	 0.000429141 	 2.176 	 0.0129859 	 0.99984 	 3.24829e-05 
122 	 0.0202912 	 0.000431279 	 2.19997 	 0.0135536 	 0.99983 	 3.29274e-05 
124 	 0.0199521 	 0.000341281 	 2.22358 	 0.0141261 	 0.999839 	 2.50142e-05 
126 	 0.0194276 	 0.000410545 	 2.24686 	 0.0147023 	 0.99985 	 2.91379e-05 
128 	 0.0202979 	 0.000412756 	 2.2698 	 0.0152813 	 0.99984 	 3.02074e-05 
130 	 0.0211858 	 0.000432577 	 2.29241 	 0.015863 	 0.999829 	 3.17639e-05 
132 	 0.0185961 	 0.000385816 	 2.31469 	 0.0164445 	 0.99987 	 2.51139e-05 
134 	 0.0203723 	 0.000328414 	 2.33667 	 0.0170271 	 0.999847 	 2.35306e-05 
136 	 0.0209116 	 0.00034247 	 2.35833 	 0.017608 	 0.999842 	 2.47687e-05 
138 	 0.0184415 	 0.000471923 	 2.37969 	 0.0181858 	 0.999879 	 2.98503e-05 
140 	 0.0213334 	 0.000416671 	 2.40076 	 0.0187615 	 0.999842 	 2.71668e-05 
142 	 0.019747 	 0.000392973 	 2.42152 	 0.0193318 	 0.999867 	 2.3855e-05 
144 	 0.019395 	 0.000378619 	 2.44202 	 0.0198975 	 0.999873 	 2.43555e-05 
146 	 0.0200454 	 0.00033369 	 2.46223 	 0.0204557 	 0.999867 	 2.3288e-05 
148 	 0.0198516 	 0.000401362 	 2.48217 	 0.0210058 	 0.999871 	 2.4373e-05 
150 	 0.0207474 	 0.000427605 	 2.50185 	 0.021548 	 0.999862 	 2.58982e-05 
152 	 0.0205754 	 0.000453651 	 2.52126 	 0.0220797 	 0.999866 	 2.79816e-05 
154 	 0.0200841 	 0.000355583 	 2.54042 	 0.0226007 	 0.999874 	 2.23267e-05 
156 	 0.0191151 	 0.000334627 	 2.55933 	 0.0231101 	 0.999888 	 2.01764e-05 
158 	 0.02033 	 0.000372835 	 2.578 	 0.0236059 	 0.999875 	 2.27569e-05 
160 	 0.0207829 	 0.000422527 	 2.59644 	 0.0240887 	 0.999871 	 2.36439e-05 
162 	 0.0198837 	 0.000372394 	 2.61463 	 0.0245558 	 0.999884 	 2.14219e-05 
164 	 0.0189937 	 0.000438981 	 2.6326 	 0.0250083 	 0.999895 	 2.46144e-05 
166 	 0.0207948 	 0.00039263 	 2.65036 	 0.025444 	 0.999876 	 2.2465e-05 
168 	 0.0207508 	 0.000379272 	 2.66789 	 0.0258621 	 0.999878 	 2.30891e-05 
170 	 0.0198269 	 0.00034655 	 2.68519 	 0.0262625 	 0.99989 	 1.91972e-05 
172 	 0.0204366 	 0.000384081 	 2.70231 	 0.0266448 	 0.999885 	 2.1795e-05 
174 	 0.0204355 	 0.000409399 	 2.71922 	 0.0270083 	 0.999886 	 2.21452e-05 
176 	 0.0197142 	 0.000418781 	 2.73593 	 0.0273517 	 0.999895 	 2.17944e-05 
178 	 0.0205538 	 0.000392779 	 2.75243 	 0.0276749 	 0.999888 	 2.19873e-05 
180 	 0.0207755 	 0.00035742 	 2.76875 	 0.0279781 	 0.999887 	 1.88703e-05 
182 	 0.0188032 	 0.000409767 	 2.78488 	 0.0282607 	 0.999908 	 2.0784e-05 
184 	 0.0209423 	 0.000366652 	 2.80084 	 0.028523 	 0.999887 	 2.0784e-05 
186 	 0.0204605 	 0.000370847 	 2.81661 	 0.0287646 	 0.999894 	 1.9097e-05 
188 	 0.0192992 	 0.000401742 	 2.83219 	 0.0289846 	 0.999906 	 2.03751e-05 
190 	 0.0211369 	 0.000410654 	 2.84761 	 0.0291844 	 0.999889 	 2.24416e-05 
192 	 0.0206275 	 0.000407404 	 2.86286 	 0.0293648 	 0.999895 	 2.07491e-05 
194 	 0.0198898 	 0.000343499 	 2.87795 	 0.0295244 	 0.999904 	 1.68365e-05 
196 	 0.0202663 	 0.00035906 	 2.89286 	 0.0296642 	 0.999901 	 1.80885e-05 
198 	 0.0203197 	 0.000390575 	 2.90762 	 0.0297849 	 0.999902 	 1.94083e-05 
200 	 0.0199566 	 0.000396107 	 2.92221 	 0.029888 	 0.999906 	 1.86909e-05 
202 	 0.0204512 	 0.000374252 	 2.93666 	 0.0299733 	 0.999902 	 1.75993e-05 
204 	 0.0193697 	 0.000433261 	 2.95095 	 0.0300415 	 0.999913 	 2.00243e-05 
206 	 0.0205904 	 0.000381511 	 2.96509 	 0.030094 	 0.999903 	 1.83333e-05 
208 	 0.0202864 	 0.00037139 	 2.97907 	 0.0301317 	 0.999907 	 1.76782e-05 
210 	 0.0211581 	 0.000358664 	 2.99292 	 0.0301557 	 0.999899 	 1.7423e-05 
212 	 0.0205798 	 0.00041373 	 3.00661 	 0.0301675 	 0.999906 	 1.90816e-05 
214 	 0.0188741 	 0.000445716 	 3.02016 	 0.0301681 	 0.999921 	 1.88609e-05 
216 	 0.0212604 	 0.000343533 	 3.03359 	 0.0301587 	 0.999901 	 1.5554e-05 
218 	 0.0205619 	 0.000367637 	 3.04685 	 0.0301409 	 0.999908 	 1.6943e-05 
220 	 0.0194487 	 0.00039697 	 3.05999 	 0.0301166 	 0.999919 	 1.72309e-05 
222 	 0.0203445 	 0.000408974 	 3.07299 	 0.0300874 	 0.999912 	 1.69453e-05 
224 	 0.0205992 	 0.000355746 	 3.08587 	 0.0300542 	 0.99991 	 1.63476e-05 
226 	 0.019295 	 0.000435308 	 3.0986 	 0.0300184 	 0.999922 	 1.76183e-05 
228 	 0.0215631 	 0.000343122 	 3.1112 	 0.0299829 	 0.999903 	 1.64484e-05 
230 	 0.0207083 	 0.000405272 	 3.12368 	 0.0299489 	 0.999912 	 1.6648e-05 
232 	 0.0195712 	 0.000415761 	 3.13603 	 0.0299176 	 0.999921 	 1.71536e-05 
234 	 0.0206751 	 0.000342251 	 3.14826 	 0.029891 	 0.999913 	 1.52107e-05 
236 	 0.0202458 	 0.000366781 	 3.16037 	 0.0298708 	 0.999918 	 1.41233e-05 
238 	 0.0204298 	 0.000408755 	 3.17235 	 0.0298581 	 0.999916 	 1.67498e-05 
240 	 0.020109 	 0.000372378 	 3.18421 	 0.0298554 	 0.99992 	 1.58211e-05 
242 	 0.0205635 	 0.000371345 	 3.19597 	 0.0298636 	 0.999917 	 1.39094e-05 
244 	 0.019659 	 0.000402724 	 3.20761 	 0.0298837 	 0.999924 	 1.52162e-05 
246 	 0.0206801 	 0.000387057 	 3.21914 	 0.0299178 	 0.999917 	 1.62869e-05 
248 	 0.0205886 	 0.000423394 	 3.23056 	 0.0299663 	 0.999918 	 1.58754e-05 
250 	 0.0206522 	 0.000363905 	 3.24188 	 0.0300309 	 0.999918 	 1.41728e-05 
252 	 0.0203707 	 0.000330268 	 3.2531 	 0.0301121 	 0.999921 	 1.3e-05 
254 	 0.0199037 	 0.000423899 	 3.26422 	 0.0302106 	 0.999925 	 1.62704e-05 
256 	 0.0211892 	 0.000319624 	 3.27525 	 0.0303272 	 0.999916 	 1.34221e-05 
258 	 0.019464 	 0.000423119 	 3.28618 	 0.0304625 	 0.999929 	 1.49085e-05 
260 	 0.0208321 	 0.000376135 	 3.29702 	 0.0306162 	 0.99992 	 1.44828e-05 
262 	 0.0204236 	 0.000424527 	 3.30778 	 0.030789 	 0.999923 	 1.55054e-05 
264 	 0.0193891 	 0.000386987 	 3.31846 	 0.0309807 	 0.999931 	 1.35141e-05 
266 	 0.0209502 	 0.000364483 	 3.32906 	 0.0311908 	 0.99992 	 1.35455e-05 
268 	 0.0210019 	 0.000388631 	 3.33959 	 0.0314193 	 0.99992 	 1.41364e-05 
270 	 0.0194967 	 0.000433126 	 3.35004 	 0.0316661 	 0.999932 	 1.5198e-05 
272 	 0.0217377 	 0.000356394 	 3.36044 	 0.0319292 	 0.999916 	 1.4314e-05 
274 	 0.0200832 	 0.000383382 	 3.37077 	 0.0322089 	 0.999928 	 1.39632e-05 
276 	 0.0192815 	 0.000441744 	 3.38104 	 0.0325045 	 0.999935 	 1.38151e-05 
278 	 0.0215524 	 0.000342504 	 3.39126 	 0.0328145 	 0.999919 	 1.33224e-05 
280 	 0.019882 	 0.000357552 	 3.40143 	 0.033138 	 0.999931 	 1.24946e-05 
282 	 0.0202234 	 0.000374811 	 3.41156 	 0.0334737 	 0.999929 	 1.25811e-05 
284 	 0.0204728 	 0.000465727 	 3.42163 	 0.0338207 	 0.999928 	 1.57366e-05 
286 	 0.0205891 	 0.000389831 	 3.43168 	 0.0341785 	 0.999928 	 1.31571e-05 
288 	 0.0203727 	 0.000393844 	 3.44169 	 0.0345447 	 0.999929 	 1.30996e-05 
290 	 0.020106 	 0.000356569 	 3.45167 	 0.0349185 	 0.999932 	 1.29132e-05 
292 	 0.0209655 	 0.000361359 	 3.46163 	 0.0352987 	 0.999926 	 1.21299e-05 
294 	 0.0207914 	 0.000421109 	 3.47156 	 0.0356838 	 0.999928 	 1.46602e-05 
296 	 0.0201377 	 0.000377327 	 3.48148 	 0.0360732 	 0.999933 	 1.23111e-05 
298 	 0.0199877 	 0.00038229 	 3.49138 	 0.036465 	 0.999934 	 1.12972e-05 
300 	 0.0207613 	 0.00034507 	 3.50127 	 0.0368586 	 0.999929 	 1.25129e-05 
302 	 0.0199409 	 0.000416874 	 3.51116 	 0.0372522 	 0.999935 	 1.33806e-05 
304 	 0.0207894 	 0.000398373 	 3.52104 	 0.037645 	 0.99993 	 1.31685e-05 
306 	 0.0206051 	 0.000416704 	 3.53092 	 0.0380361 	 0.999932 	 1.2492e-05 
308 	 0.0197979 	 0.000403383 	 3.54081 	 0.0384248 	 0.999937 	 1.23221e-05 
310 	 0.0204449 	 0.000343786 	 3.5507 	 0.0388087 	 0.999933 	 1.13262e-05 
312 	 0.0211952 	 0.000326344 	 3.56061 	 0.0391879 	 0.999929 	 1.11274e-05 
314 	 0.0201872 	 0.000394312 	 3.57052 	 0.0395615 	 0.999936 	 1.24757e-05 
316 	 0.0206139 	 0.000402346 	 3.58045 	 0.0399285 	 0.999933 	 1.25981e-05 
318 	 0.0204713 	 0.000368371 	 3.5904 	 0.0402881 	 0.999935 	 1.10525e-05 
320 	 0.0192086 	 0.000427026 	 3.60038 	 0.0406394 	 0.999943 	 1.2501e-05 
322 	 0.0215448 	 0.000347311 	 3.61037 	 0.0409818 	 0.999928 	 1.13726e-05 
324 	 0.020104 	 0.000406569 	 3.62039 	 0.0413147 	 0.999938 	 1.20983e-05 
326 	 0.0200727 	 0.000392698 	 3.63043 	 0.0416377 	 0.999938 	 1.1509e-05 
328 	 0.0206971 	 0.000326224 	 3.64051 	 0.0419499 	 0.999935 	 1.02932e-05 
330 	 0.0201572 	 0.000416346 	 3.65062 	 0.0422509 	 0.999939 	 1.18873e-05 
332 	 0.0208982 	 0.000403023 	 3.66076 	 0.0425404 	 0.999934 	 1.14287e-05 
334 	 0.020964 	 0.000345471 	 3.67093 	 0.042818 	 0.999934 	 1.09258e-05 
336 	 0.0199052 	 0.000391391 	 3.68113 	 0.0430833 	 0.999941 	 1.09449e-05 
338 	 0.0203158 	 0.000377302 	 3.69137 	 0.0433365 	 0.999939 	 1.12398e-05 
340 	 0.0200504 	 0.000369896 	 3.70165 	 0.0435768 	 0.999941 	 1.00757e-05 
342 	 0.0205377 	 0.000358631 	 3.71195 	 0.043804 	 0.999938 	 1.04074e-05 
344 	 0.0209581 	 0.000381763 	 3.72229 	 0.0440187 	 0.999936 	 1.1103e-05 
346 	 0.0194037 	 0.000432106 	 3.73266 	 0.0442208 	 0.999946 	 1.14356e-05 
348 	 0.0213961 	 0.000404821 	 3.74307 	 0.0444102 	 0.999934 	 1.07334e-05 
350 	 0.0207567 	 0.000384356 	 3.7535 	 0.044586 	 0.999938 	 1.13384e-05 
352 	 0.0197817 	 0.000337511 	 3.76397 	 0.0447495 	 0.999944 	 9.63958e-06 
354 	 0.0208691 	 0.000338431 	 3.77446 	 0.0449012 	 0.999939 	 9.12007e-06 
356 	 0.0210544 	 0.000420787 	 3.78498 	 0.0450409 	 0.999938 	 1.1632e-05 
358 	 0.0200896 	 0.000406077 	 3.79553 	 0.0451686 	 0.999944 	 1.03066e-05 
360 	 0.0203285 	 0.000413704 	 3.8061 	 0.0452843 	 0.999943 	 1.07276e-05 
362 	 0.0205036 	 0.000388499 	 3.81669 	 0.0453895 	 0.999942 	 9.7743e-06 
364 	 0.0201336 	 0.000386964 	 3.82729 	 0.0454842 	 0.999944 	 1.02726e-05 
366 	 0.0209439 	 0.000355583 	 3.8379 	 0.0455684 	 0.99994 	 1.01293e-05 
368 	 0.0204682 	 0.000393666 	 3.84854 	 0.0456431 	 0.999943 	 9.70906e-06 
370 	 0.0199743 	 0.00033897 	 3.85917 	 0.0457088 	 0.999946 	 8.77856e-06 
372 	 0.0212685 	 0.000371282 	 3.86981 	 0.0457655 	 0.999939 	 1.06201e-05 
374 	 0.0207428 	 0.000431972 	 3.88045 	 0.0458143 	 0.999943 	 1.06364e-05 
376 	 0.0202911 	 0.000383822 	 3.89109 	 0.0458558 	 0.999945 	 9.61178e-06 
378 	 0.0203803 	 0.000369799 	 3.90173 	 0.0458902 	 0.999945 	 9.09281e-06 
380 	 0.0202167 	 0.000377915 	 3.91235 	 0.0459179 	 0.999946 	 9.05696e-06 
382 	 0.02056 	 0.00039538 	 3.92297 	 0.04594 	 0.999945 	 9.9143e-06 
384 	 0.0205224 	 0.00037449 	 3.93356 	 0.0459572 	 0.999945 	 9.24522e-06 
386 	 0.0201085 	 0.000448494 	 3.94413 	 0.0459694 	 0.999948 	 1.00218e-05 
388 	 0.0210749 	 0.000353046 	 3.95468 	 0.0459777 	 0.999943 	 9.23158e-06 
390 	 0.0205572 	 0.000361005 	 3.9652 	 0.0459825 	 0.999946 	 8.78299e-06 
392 	 0.0203787 	 0.000406167 	 3.97569 	 0.0459836 	 0.999947 	 9.70498e-06 
394 	 0.0212078 	 0.000389909 	 3.98615 	 0.0459829 	 0.999943 	 8.90041e-06 
396 	 0.019738 	 0.000389974 	 3.99656 	 0.0459803 	 0.999951 	 8.89303e-06 
398 	 0.0211037 	 0.000341657 	 4.00694 	 0.0459755 	 0.999944 	 8.4477e-06 
400 	 0.0205974 	 0.000335761 	 4.01727 	 0.0459698 	 0.999947 	 7.91074e-06 
402 	 0.0193869 	 0.00040832 	 4.02756 	 0.0459639 	 0.999953 	 8.69161e-06 
404 	 0.021163 	 0.000359867 	 4.03779 	 0.0459575 	 0.999945 	 8.44878e-06 
406 	 0.0203965 	 0.000445049 	 4.04797 	 0.0459512 	 0.999949 	 9.45238e-06 
408 	 0.0200291 	 0.00035994 	 4.05809 	 0.0459458 	 0.999951 	 8.82431e-06 
410 	 0.0213891 	 0.000394574 	 4.06815 	 0.0459411 	 0.999944 	 9.56311e-06 
412 	 0.0203056 	 0.00043236 	 4.07816 	 0.0459375 	 0.99995 	 9.36167e-06 
414 	 0.0207362 	 0.000339569 	 4.0881 	 0.0459356 	 0.999948 	 8.05956e-06 
416 	 0.0204933 	 0.000346314 	 4.09797 	 0.0459357 	 0.99995 	 7.17489e-06 
418 	 0.0199624 	 0.000371908 	 4.10778 	 0.0459376 	 0.999953 	 8.09007e-06 
420 	 0.0209956 	 0.000374842 	 4.11753 	 0.0459418 	 0.999948 	 8.80969e-06 
422 	 0.0200592 	 0.000443229 	 4.12721 	 0.0459483 	 0.999952 	 9.65523e-06 
424 	 0.0205792 	 0.000446007 	 4.13682 	 0.0459577 	 0.99995 	 8.82508e-06 
426 	 0.0203229 	 0.000353536 	 4.14635 	 0.0459699 	 0.999952 	 7.90071e-06 
428 	 0.020571 	 0.000328686 	 4.15582 	 0.045985 	 0.999951 	 7.73131e-06 
430 	 0.0207768 	 0.000398806 	 4.16522 	 0.0460027 	 0.99995 	 8.54011e-06 
432 	 0.0207081 	 0.00041984 	 4.17455 	 0.0460236 	 0.999951 	 9.08677e-06 
434 	 0.0207358 	 0.000385457 	 4.18382 	 0.0460475 	 0.999951 	 8.35301e-06 
436 	 0.020019 	 0.000347329 	 4.19301 	 0.0460746 	 0.999954 	 7.15513e-06 
438 	 0.0205756 	 0.000347821 	 4.20214 	 0.0461046 	 0.999952 	 7.51351e-06 
440 	 0.0204213 	 0.000402408 	 4.21121 	 0.0461377 	 0.999953 	 8.44615e-06 
442 	 0.020664 	 0.000400041 	 4.22021 	 0.0461733 	 0.999952 	 8.37279e-06 
444 	 0.0208022 	 0.000332281 	 4.22915 	 0.0462116 	 0.999951 	 7.32458e-06 
446 	 0.0194774 	 0.000358425 	 4.23803 	 0.0462532 	 0.999958 	 7.37168e-06 
448 	 0.0210862 	 0.000432877 	 4.24685 	 0.0462973 	 0.99995 	 9.32249e-06 
450 	 0.021483 	 0.000413121 	 4.25562 	 0.0463432 	 0.999949 	 8.32929e-06 
452 	 0.0197873 	 0.00037876 	 4.26433 	 0.0463915 	 0.999957 	 7.46287e-06 
454 	 0.0210873 	 0.000337661 	 4.27299 	 0.0464421 	 0.999951 	 8.0366e-06 
456 	 0.0202803 	 0.000369178 	 4.28161 	 0.0464949 	 0.999955 	 7.69743e-06 
458 	 0.0202159 	 0.000389363 	 4.29019 	 0.046549 	 0.999955 	 7.55044e-06 
460 	 0.0211937 	 0.000318612 	 4.29871 	 0.0466043 	 0.999951 	 6.79638e-06 
462 	 0.0197155 	 0.000416552 	 4.3072 	 0.0466612 	 0.999958 	 8.0065e-06 
464 	 0.02085 	 0.000404628 	 4.31566 	 0.0467193 	 0.999953 	 8.64348e-06 
466 	 0.0208054 	 0.000362627 	 4.32408 	 0.0467781 	 0.999953 	 7.67671e-06 
468 	 0.0202304 	 0.000473471 	 4.33246 	 0.0468378 	 0.999956 	 8.70103e-06 
470 	 0.021293 	 0.000356821 	 4.34082 	 0.0468978 	 0.999952 	 7.42686e-06 
472 	 0.0201269 	 0.000321619 	 4.34915 	 0.0469579 	 0.999957 	 6.58913e-06 
474 	 0.0203644 	 0.000328779 	 4.35746 	 0.0470182 	 0.999956 	 6.82854e-06 
476 	 0.0213684 	 0.000393278 	 4.36575 	 0.0470783 	 0.999952 	 8.73094e-06 
478 	 0.0200286 	 0.00048183 	 4.37401 	 0.0471384 	 0.999958 	 8.90814e-06 
480 	 0.0205172 	 0.000420893 	 4.38225 	 0.0471975 	 0.999956 	 7.69347e-06 
482 	 0.0208946 	 0.000346207 	 4.39047 	 0.047256 	 0.999954 	 7.23997e-06 
484 	 0.0198096 	 0.000375531 	 4.39868 	 0.0473135 	 0.999959 	 7.49771e-06 
486 	 0.0210748 	 0.000333024 	 4.40687 	 0.0473705 	 0.999954 	 6.51066e-06 
488 	 0.0204751 	 0.000430268 	 4.41505 	 0.0474262 	 0.999957 	 8.08172e-06 
490 	 0.0204429 	 0.000411135 	 4.42321 	 0.0474809 	 0.999957 	 7.81841e-06 
492 	 0.02112 	 0.000415334 	 4.43136 	 0.047534 	 0.999954 	 8.24609e-06 
494 	 0.0204666 	 0.000379419 	 4.43949 	 0.0475857 	 0.999957 	 7.27327e-06 
496 	 0.0206073 	 0.000355863 	 4.44761 	 0.0476361 	 0.999957 	 7.15245e-06 
498 	 0.0206825 	 0.000340509 	 4.45572 	 0.0476853 	 0.999957 	 6.87287e-06 
500 	 0.0204896 	 0.000374555 	 4.46381 	 0.0477332 	 0.999958 	 6.37885e-06 


502 	 0.0199239 	 0.000452777 	 4.47188 	 0.0477795 	 0.99996 	 8.36019e-06 
504 	 0.0212929 	 0.000399059 	 4.47994 	 0.0478249 	 0.999955 	 7.91014e-06 
506 	 0.0204775 	 0.000381728 	 4.48798 	 0.0478689 	 0.999958 	 7.20219e-06 
508 	 0.0200223 	 0.00031838 	 4.49601 	 0.0479116 	 0.99996 	 6.12709e-06 
510 	 0.0208377 	 0.000330706 	 4.50402 	 0.0479538 	 0.999957 	 6.60326e-06 
512 	 0.0206523 	 0.000435727 	 4.512 	 0.0479958 	 0.999958 	 7.33428e-06 
514 	 0.0208997 	 0.000442041 	 4.51997 	 0.0480367 	 0.999957 	 8.32771e-06 
516 	 0.0206341 	 0.000374054 	 4.52792 	 0.0480769 	 0.999958 	 7.64777e-06 
518 	 0.0200549 	 0.000416816 	 4.53584 	 0.0481176 	 0.999961 	 7.23365e-06 
520 	 0.0213414 	 0.000356658 	 4.54374 	 0.0481586 	 0.999956 	 7.1009e-06 
522 	 0.0200857 	 0.000393453 	 4.55162 	 0.0482002 	 0.999961 	 6.75988e-06 
524 	 0.0195439 	 0.000433062 	 4.55947 	 0.0482423 	 0.999963 	 7.34487e-06 
526 	 0.0216634 	 0.000345675 	 4.5673 	 0.0482851 	 0.999955 	 6.86675e-06 
528 	 0.0201472 	 0.000384426 	 4.5751 	 0.0483292 	 0.999961 	 7.15606e-06 
530 	 0.0209656 	 0.000370392 	 4.58288 	 0.0483752 	 0.999958 	 6.73017e-06 
532 	 0.021075 	 0.000364623 	 4.59063 	 0.0484232 	 0.999958 	 6.75336e-06 
534 	 0.0193708 	 0.000475503 	 4.59835 	 0.0484733 	 0.999964 	 8.05451e-06 
536 	 0.0214705 	 0.000352774 	 4.60605 	 0.0485254 	 0.999956 	 6.71726e-06 
538 	 0.0206551 	 0.000357932 	 4.61371 	 0.0485798 	 0.99996 	 6.67386e-06 
540 	 0.0199035 	 0.000376658 	 4.62135 	 0.0486378 	 0.999963 	 6.59532e-06 
542 	 0.0209962 	 0.000420854 	 4.62897 	 0.0486986 	 0.999959 	 7.66802e-06 
544 	 0.0201679 	 0.00042285 	 4.63655 	 0.0487628 	 0.999962 	 6.83534e-06 
546 	 0.0205153 	 0.000413325 	 4.64411 	 0.0488299 	 0.999961 	 7.44613e-06 
548 	 0.0213042 	 0.000385658 	 4.65164 	 0.0489006 	 0.999958 	 7.11958e-06 
550 	 0.0200411 	 0.000408976 	 4.65914 	 0.0489753 	 0.999963 	 6.97636e-06 
552 	 0.0209824 	 0.000357108 	 4.66662 	 0.0490538 	 0.999959 	 6.67762e-06 
554 	 0.0206932 	 0.000368889 	 4.67407 	 0.0491362 	 0.999961 	 6.6849e-06 
556 	 0.0203159 	 0.000437948 	 4.68149 	 0.0492221 	 0.999962 	 7.36891e-06 
558 	 0.0208857 	 0.000409619 	 4.68889 	 0.0493121 	 0.99996 	 7.20586e-06 
560 	 0.020199 	 0.000377949 	 4.69626 	 0.049406 	 0.999963 	 6.51304e-06 
562 	 0.0209708 	 0.000379292 	 4.70361 	 0.0495039 	 0.99996 	 6.12438e-06 
564 	 0.0202265 	 0.000380299 	 4.71093 	 0.0496056 	 0.999963 	 6.69821e-06 
566 	 0.0203983 	 0.000450345 	 4.71823 	 0.0497112 	 0.999962 	 7.76572e-06 
568 	 0.0205682 	 0.000442337 	 4.7255 	 0.0498203 	 0.999962 	 7.67809e-06 
570 	 0.0209996 	 0.000348991 	 4.73274 	 0.049933 	 0.99996 	 5.92495e-06 
572 	 0.0204894 	 0.000338794 	 4.73996 	 0.0500493 	 0.999962 	 5.82383e-06 
574 	 0.0204558 	 0.000385455 	 4.74715 	 0.0501688 	 0.999963 	 6.57141e-06 
576 	 0.0214204 	 0.00040072 	 4.75432 	 0.0502914 	 0.999959 	 7.05361e-06 
578 	 0.0196037 	 0.00037434 	 4.76145 	 0.0504167 	 0.999966 	 6.05109e-06 
580 	 0.0204981 	 0.000400856 	 4.76856 	 0.050545 	 0.999963 	 6.34377e-06 
582 	 0.0213834 	 0.00043837 	 4.77565 	 0.050676 	 0.99996 	 7.78505e-06 
584 	 0.0197712 	 0.000477385 	 4.7827 	 0.0508091 	 0.999966 	 7.75851e-06 
586 	 0.021234 	 0.000389756 	 4.78972 	 0.050944 	 0.99996 	 6.86597e-06 
588 	 0.0205752 	 0.000346392 	 4.79671 	 0.0510812 	 0.999963 	 5.57052e-06 
590 	 0.0198001 	 0.000375728 	 4.80366 	 0.0512196 	 0.999966 	 5.7881e-06 
592 	 0.0212848 	 0.000366811 	 4.81059 	 0.0513595 	 0.999961 	 6.56163e-06 
594 	 0.0204093 	 0.000438829 	 4.81748 	 0.0515006 	 0.999964 	 6.70321e-06 
596 	 0.0209397 	 0.000427236 	 4.82434 	 0.0516421 	 0.999962 	 7.43306e-06 
598 	 0.0207831 	 0.000359305 	 4.83116 	 0.0517841 	 0.999963 	 6.28116e-06 
600 	 0.0193778 	 0.00042579 	 4.83794 	 0.0519265 	 0.999968 	 6.57335e-06 
602 	 0.0209485 	 0.00041968 	 4.84469 	 0.0520691 	 0.999962 	 6.91593e-06 
604 	 0.0207254 	 0.000435067 	 4.8514 	 0.0522111 	 0.999963 	 7.05745e-06 
606 	 0.0203741 	 0.000371694 	 4.85807 	 0.0523525 	 0.999965 	 5.72895e-06 
608 	 0.0209411 	 0.000346171 	 4.86471 	 0.0524927 	 0.999963 	 6.06145e-06 
610 	 0.0199416 	 0.000386262 	 4.8713 	 0.0526322 	 0.999966 	 6.3654e-06 
612 	 0.0209399 	 0.00045003 	 4.87786 	 0.0527703 	 0.999963 	 7.24733e-06 
614 	 0.021029 	 0.000403258 	 4.88437 	 0.0529062 	 0.999963 	 6.72718e-06 
616 	 0.020416 	 0.000420712 	 4.89085 	 0.0530407 	 0.999965 	 6.83175e-06 
618 	 0.0207615 	 0.000374987 	 4.89729 	 0.0531728 	 0.999964 	 6.23067e-06 
620 	 0.020576 	 0.000382335 	 4.90369 	 0.0533023 	 0.999965 	 5.97481e-06 
622 	 0.0199803 	 0.000445033 	 4.91005 	 0.0534292 	 0.999967 	 7.01169e-06 
624 	 0.020717 	 0.000395495 	 4.91638 	 0.053553 	 0.999964 	 6.29465e-06 
626 	 0.0206527 	 0.000407178 	 4.92267 	 0.0536737 	 0.999965 	 6.72558e-06 
628 	 0.0204336 	 0.000399765 	 4.92892 	 0.0537912 	 0.999965 	 6.31699e-06 
630 	 0.0211029 	 0.00041478 	 4.93514 	 0.053905 	 0.999963 	 6.90955e-06 
632 	 0.0211012 	 0.000429717 	 4.94133 	 0.0540148 	 0.999963 	 6.88669e-06 
634 	 0.0200985 	 0.000374806 	 4.94748 	 0.0541207 	 0.999967 	 5.92649e-06 
636 	 0.0207961 	 0.000404992 	 4.9536 	 0.0542224 	 0.999965 	 6.58661e-06 
638 	 0.020957 	 0.000460247 	 4.95969 	 0.0543202 	 0.999964 	 7.38259e-06 
640 	 0.0202432 	 0.000445572 	 4.96576 	 0.0544131 	 0.999967 	 7.28379e-06 
642 	 0.0204968 	 0.000364901 	 4.9718 	 0.0545013 	 0.999966 	 5.8149e-06 
644 	 0.0202589 	 0.000375936 	 4.97781 	 0.0545852 	 0.999967 	 5.23769e-06 
646 	 0.0206562 	 0.000402533 	 4.9838 	 0.0546641 	 0.999965 	 6.24723e-06 
648 	 0.0210695 	 0.000474579 	 4.98976 	 0.0547379 	 0.999964 	 7.99486e-06 
650 	 0.0203742 	 0.000414311 	 4.99571 	 0.0548072 	 0.999967 	 6.42938e-06 
652 	 0.0210186 	 0.000367542 	 5.00163 	 0.0548708 	 0.999964 	 5.95743e-06 
654 	 0.0208973 	 0.000377225 	 5.00754 	 0.0549296 	 0.999965 	 6.23357e-06 
656 	 0.020053 	 0.000434566 	 5.01343 	 0.0549833 	 0.999968 	 6.56445e-06 
658 	 0.0212688 	 0.000417926 	 5.01931 	 0.0550318 	 0.999964 	 6.78577e-06 
660 	 0.0198811 	 0.000415109 	 5.02517 	 0.0550753 	 0.999969 	 5.90116e-06 
662 	 0.0206361 	 0.000368343 	 5.03103 	 0.0551132 	 0.999966 	 6.15496e-06 
664 	 0.0210791 	 0.000354853 	 5.03687 	 0.0551461 	 0.999965 	 5.82392e-06 
666 	 0.0199714 	 0.0004624 	 5.0427 	 0.055174 	 0.999969 	 6.64185e-06 
668 	 0.0210191 	 0.000370407 	 5.04852 	 0.055197 	 0.999965 	 5.69951e-06 
670 	 0.0204725 	 0.000346429 	 5.05433 	 0.0552148 	 0.999967 	 5.29132e-06 
672 	 0.0202515 	 0.000413666 	 5.06014 	 0.0552273 	 0.999968 	 6.4111e-06 
674 	 0.0215961 	 0.000426996 	 5.06594 	 0.0552356 	 0.999963 	 7.24037e-06 
676 	 0.0204288 	 0.000447332 	 5.07174 	 0.0552392 	 0.999967 	 6.60548e-06 
678 	 0.020448 	 0.000428023 	 5.07754 	 0.0552381 	 0.999967 	 6.05409e-06 
680 	 0.0206362 	 0.000349964 	 5.08333 	 0.0552323 	 0.999967 	 5.71753e-06 
682 	 0.0200853 	 0.000379022 	 5.08912 	 0.0552226 	 0.999969 	 5.53682e-06 
684 	 0.0212273 	 0.000468425 	 5.09491 	 0.0552086 	 0.999965 	 7.48875e-06 
686 	 0.0205586 	 0.000425451 	 5.10069 	 0.0551911 	 0.999967 	 6.50823e-06 
688 	 0.0202983 	 0.000395789 	 5.10648 	 0.0551696 	 0.999968 	 5.87625e-06 
690 	 0.0208237 	 0.000395552 	 5.11226 	 0.0551446 	 0.999967 	 5.85018e-06 
692 	 0.0205943 	 0.000371935 	 5.11805 	 0.0551164 	 0.999967 	 5.88072e-06 
694 	 0.0208693 	 0.00040783 	 5.12384 	 0.0550857 	 0.999967 	 6.35548e-06 
696 	 0.0207194 	 0.000390209 	 5.12963 	 0.0550518 	 0.999967 	 5.53242e-06 
698 	 0.0202648 	 0.00041301 	 5.13542 	 0.0550153 	 0.999969 	 6.00447e-06 
700 	 0.0206358 	 0.000415013 	 5.14121 	 0.0549769 	 0.999968 	 6.03285e-06 
702 	 0.0207752 	 0.000407412 	 5.147 	 0.0549364 	 0.999967 	 6.54151e-06 
704 	 0.0206976 	 0.000455087 	 5.1528 	 0.0548944 	 0.999968 	 6.64665e-06 
706 	 0.0202028 	 0.000377496 	 5.15859 	 0.0548509 	 0.999969 	 5.41021e-06 
708 	 0.020942 	 0.000396685 	 5.16439 	 0.0548061 	 0.999967 	 5.96032e-06 
710 	 0.0206218 	 0.000404454 	 5.17019 	 0.0547605 	 0.999968 	 6.18393e-06 
712 	 0.0203655 	 0.000405503 	 5.17599 	 0.0547144 	 0.999969 	 5.85171e-06 
714 	 0.0211578 	 0.00037956 	 5.18179 	 0.0546679 	 0.999967 	 5.57043e-06 
716 	 0.0201295 	 0.000388609 	 5.18759 	 0.0546213 	 0.99997 	 5.65654e-06 
718 	 0.0212025 	 0.000394952 	 5.19339 	 0.0545745 	 0.999967 	 5.86367e-06 
720 	 0.0206503 	 0.000445475 	 5.1992 	 0.0545282 	 0.999968 	 6.56551e-06 
722 	 0.0197797 	 0.000492852 	 5.205 	 0.0544825 	 0.999971 	 6.72778e-06 
724 	 0.0212265 	 0.000358369 	 5.2108 	 0.0544376 	 0.999967 	 5.80161e-06 
726 	 0.0200743 	 0.000394756 	 5.2166 	 0.0543937 	 0.99997 	 5.453e-06 
728 	 0.0207588 	 0.000451129 	 5.2224 	 0.0543505 	 0.999968 	 6.43137e-06 
730 	 0.0210484 	 0.000410633 	 5.2282 	 0.0543089 	 0.999967 	 5.78332e-06 
732 	 0.019933 	 0.000373488 	 5.234 	 0.0542686 	 0.999971 	 5.14527e-06 
734 	 0.0212086 	 0.000392331 	 5.2398 	 0.0542298 	 0.999967 	 5.8638e-06 
736 	 0.0206458 	 0.000435436 	 5.2456 	 0.0541924 	 0.999969 	 6.5312e-06 
738 	 0.0202372 	 0.000449469 	 5.25139 	 0.0541567 	 0.99997 	 6.11889e-06 
740 	 0.0212936 	 0.000380707 	 5.25718 	 0.054123 	 0.999967 	 5.48749e-06 
742 	 0.0198897 	 0.000385218 	 5.26297 	 0.0540911 	 0.999971 	 5.18317e-06 
744 	 0.020629 	 0.000419395 	 5.26876 	 0.0540611 	 0.999969 	 5.94611e-06 
746 	 0.0210366 	 0.000469803 	 5.27454 	 0.0540325 	 0.999968 	 7.19128e-06 
748 	 0.0200444 	 0.00044129 	 5.28032 	 0.0540061 	 0.999971 	 6.22738e-06 
750 	 0.0212194 	 0.000390534 	 5.2861 	 0.0539816 	 0.999968 	 5.30501e-06 
752 	 0.0207716 	 0.000349499 	 5.29187 	 0.0539593 	 0.999969 	 4.8718e-06 
754 	 0.0200705 	 0.000418294 	 5.29764 	 0.0539388 	 0.999971 	 5.40696e-06 
756 	 0.0209625 	 0.000437378 	 5.30341 	 0.0539196 	 0.999969 	 6.28964e-06 
758 	 0.0208736 	 0.000445602 	 5.30917 	 0.0539026 	 0.999969 	 6.14061e-06 
760 	 0.0205487 	 0.000438239 	 5.31493 	 0.0538875 	 0.99997 	 6.17915e-06 
762 	 0.0206832 	 0.000389921 	 5.32068 	 0.0538742 	 0.99997 	 5.44978e-06 
764 	 0.0202973 	 0.000391318 	 5.32643 	 0.053863 	 0.999971 	 5.3208e-06 
766 	 0.0205486 	 0.000445041 	 5.33217 	 0.053853 	 0.99997 	 5.83569e-06 
768 	 0.0208362 	 0.000402262 	 5.3379 	 0.0538446 	 0.999969 	 5.17625e-06 
770 	 0.0204141 	 0.000384239 	 5.34362 	 0.0538383 	 0.999971 	 5.17223e-06 
772 	 0.0206023 	 0.000445636 	 5.34934 	 0.0538338 	 0.99997 	 6.35017e-06 
774 	 0.0211808 	 0.000403634 	 5.35505 	 0.0538311 	 0.999969 	 5.94148e-06 
776 	 0.0204652 	 0.000485703 	 5.36075 	 0.0538298 	 0.999971 	 5.97827e-06 
778 	 0.0205901 	 0.000355029 	 5.36643 	 0.0538299 	 0.99997 	 4.91288e-06 
780 	 0.0207566 	 0.00039256 	 5.37211 	 0.0538325 	 0.99997 	 5.20845e-06 
782 	 0.0200468 	 0.000425034 	 5.37778 	 0.0538371 	 0.999972 	 5.67114e-06 
784 	 0.0209149 	 0.000457228 	 5.38343 	 0.053843 	 0.99997 	 5.96715e-06 
786 	 0.0206182 	 0.000403452 	 5.38908 	 0.0538506 	 0.999971 	 5.50846e-06 
788 	 0.0201426 	 0.000428436 	 5.39471 	 0.0538604 	 0.999972 	 5.26496e-06 
790 	 0.0211647 	 0.000367149 	 5.40032 	 0.0538726 	 0.999969 	 5.29624e-06 
792 	 0.020241 	 0.000485953 	 5.40592 	 0.0538871 	 0.999972 	 6.43277e-06 
794 	 0.0208863 	 0.000397417 	 5.41151 	 0.0539038 	 0.99997 	 5.10584e-06 
796 	 0.021177 	 0.000346196 	 5.41709 	 0.0539222 	 0.999969 	 4.73354e-06 
798 	 0.0195327 	 0.000459283 	 5.42264 	 0.0539433 	 0.999974 	 5.57941e-06 
800 	 0.0211307 	 0.00041924 	 5.42819 	 0.0539675 	 0.99997 	 5.98158e-06 
802 	 0.0208988 	 0.000463612 	 5.43372 	 0.0539946 	 0.99997 	 6.17304e-06 
804 	 0.0198617 	 0.000423512 	 5.43923 	 0.0540241 	 0.999973 	 5.08189e-06 
806 	 0.0210891 	 0.000359489 	 5.44473 	 0.0540563 	 0.99997 	 4.51337e-06 
808 	 0.0202527 	 0.00041699 	 5.45022 	 0.0540915 	 0.999972 	 5.41352e-06 
810 	 0.0205453 	 0.000454667 	 5.45569 	 0.0541305 	 0.999972 	 5.90072e-06 
812 	 0.0213571 	 0.000420021 	 5.46115 	 0.0541725 	 0.999969 	 5.63645e-06 
814 	 0.0201653 	 0.000425403 	 5.4666 	 0.0542178 	 0.999973 	 5.34387e-06 
816 	 0.0208773 	 0.000420754 	 5.47204 	 0.0542663 	 0.999971 	 5.39332e-06 
818 	 0.0209316 	 0.000419433 	 5.47747 	 0.054318 	 0.999971 	 5.88611e-06 
820 	 0.0200927 	 0.000432589 	 5.48288 	 0.0543737 	 0.999973 	 5.05264e-06 
822 	 0.021038 	 0.000416037 	 5.48829 	 0.0544326 	 0.999971 	 5.07866e-06 
824 	 0.0201794 	 0.000383392 	 5.49369 	 0.0544949 	 0.999973 	 4.47326e-06 
826 	 0.020128 	 0.000405088 	 5.49908 	 0.0545605 	 0.999973 	 5.41567e-06 
828 	 0.0210432 	 0.000431468 	 5.50447 	 0.0546289 	 0.999971 	 5.8874e-06 
830 	 0.0206896 	 0.000459146 	 5.50984 	 0.0547014 	 0.999972 	 5.59383e-06 
832 	 0.0206637 	 0.000412964 	 5.51522 	 0.0547766 	 0.999972 	 4.95461e-06 
834 	 0.0210881 	 0.000394692 	 5.52059 	 0.0548544 	 0.999971 	 5.08326e-06 
836 	 0.0206051 	 0.000401768 	 5.52595 	 0.0549351 	 0.999972 	 5.08439e-06 
838 	 0.0202972 	 0.000395616 	 5.53131 	 0.055018 	 0.999973 	 4.90486e-06 
840 	 0.0206151 	 0.000391545 	 5.53667 	 0.0551033 	 0.999972 	 4.94333e-06 
842 	 0.020419 	 0.000441608 	 5.54203 	 0.0551906 	 0.999973 	 5.30167e-06 
844 	 0.0205475 	 0.000416882 	 5.54738 	 0.0552796 	 0.999972 	 5.23918e-06 
846 	 0.0211396 	 0.000401911 	 5.55273 	 0.05537 	 0.999971 	 5.16952e-06 
848 	 0.0197381 	 0.000411185 	 5.55807 	 0.0554612 	 0.999975 	 4.8932e-06 
850 	 0.0211529 	 0.000331317 	 5.56341 	 0.0555533 	 0.999971 	 4.09345e-06 
852 	 0.0209938 	 0.000414498 	 5.56875 	 0.0556458 	 0.999971 	 5.05601e-06 
854 	 0.0198735 	 0.000465022 	 5.57408 	 0.0557382 	 0.999974 	 5.54055e-06 
856 	 0.0215512 	 0.000388704 	 5.57941 	 0.0558305 	 0.99997 	 5.13207e-06 
858 	 0.0202741 	 0.000408751 	 5.58473 	 0.0559221 	 0.999974 	 4.8675e-06 
860 	 0.020454 	 0.00040017 	 5.59004 	 0.0560125 	 0.999973 	 4.63564e-06 
862 	 0.0208851 	 0.000389247 	 5.59534 	 0.0561014 	 0.999972 	 5.00389e-06 
864 	 0.0198832 	 0.000463601 	 5.60064 	 0.0561888 	 0.999975 	 5.37078e-06 
866 	 0.0212385 	 0.000408106 	 5.60592 	 0.0562741 	 0.999971 	 5.12108e-06 
868 	 0.020826 	 0.000430471 	 5.61119 	 0.056357 	 0.999972 	 5.24186e-06 
870 	 0.020024 	 0.000410781 	 5.61645 	 0.0564374 	 0.999974 	 4.77523e-06 
872 	 0.0213464 	 0.000378671 	 5.6217 	 0.0565147 	 0.999971 	 4.62923e-06 
874 	 0.0202883 	 0.000357567 	 5.62693 	 0.0565888 	 0.999974 	 4.17274e-06 
876 	 0.0205544 	 0.000414092 	 5.63214 	 0.0566597 	 0.999973 	 4.89979e-06 
878 	 0.0211745 	 0.000438647 	 5.63734 	 0.0567266 	 0.999972 	 5.53258e-06 
880 	 0.0203389 	 0.000442616 	 5.64251 	 0.05679 	 0.999974 	 5.52519e-06 
882 	 0.0206489 	 0.000409081 	 5.64767 	 0.0568495 	 0.999973 	 4.7448e-06 
884 	 0.0206159 	 0.000395581 	 5.65281 	 0.0569047 	 0.999973 	 4.66452e-06 
886 	 0.0200261 	 0.000411572 	 5.65793 	 0.0569559 	 0.999975 	 4.39086e-06 
888 	 0.0208506 	 0.00033343 	 5.66302 	 0.0570029 	 0.999973 	 4.15731e-06 
890 	 0.0209362 	 0.000435811 	 5.6681 	 0.0570457 	 0.999973 	 5.14785e-06 
892 	 0.0207902 	 0.000457239 	 5.67315 	 0.0570842 	 0.999973 	 5.74172e-06 
894 	 0.0207824 	 0.000437147 	 5.67817 	 0.0571184 	 0.999973 	 5.06152e-06 
896 	 0.0204782 	 0.000388747 	 5.68317 	 0.0571487 	 0.999974 	 4.50193e-06 
898 	 0.0204012 	 0.000365512 	 5.68815 	 0.057175 	 0.999974 	 4.23294e-06 
900 	 0.0209894 	 0.000393351 	 5.69309 	 0.0571973 	 0.999973 	 4.54514e-06 
902 	 0.0205547 	 0.000457671 	 5.69802 	 0.0572158 	 0.999974 	 5.31517e-06 
904 	 0.0201317 	 0.000439844 	 5.70292 	 0.0572305 	 0.999975 	 5.05195e-06 
906 	 0.0211321 	 0.000406485 	 5.70779 	 0.0572422 	 0.999972 	 5.03424e-06 
908 	 0.0203003 	 0.000382917 	 5.71263 	 0.0572507 	 0.999975 	 4.24545e-06 
910 	 0.0205083 	 0.00038457 	 5.71745 	 0.0572559 	 0.999974 	 4.6098e-06 
912 	 0.0211366 	 0.000394858 	 5.72224 	 0.0572588 	 0.999973 	 4.71351e-06 
914 	 0.0203735 	 0.000426782 	 5.72701 	 0.0572591 	 0.999975 	 4.6119e-06 
916 	 0.0209335 	 0.000403536 	 5.73174 	 0.057257 	 0.999973 	 4.82076e-06 
918 	 0.0205975 	 0.000416976 	 5.73645 	 0.0572531 	 0.999974 	 4.93638e-06 
920 	 0.0201666 	 0.00046768 	 5.74113 	 0.0572481 	 0.999975 	 5.41563e-06 
922 	 0.021303 	 0.000394535 	 5.74579 	 0.0572413 	 0.999972 	 4.34603e-06 
924 	 0.0202509 	 0.000383398 	 5.75041 	 0.0572335 	 0.999975 	 4.28626e-06 
926 	 0.0199572 	 0.000410455 	 5.75501 	 0.057225 	 0.999976 	 4.37401e-06 
928 	 0.0214454 	 0.000395971 	 5.75958 	 0.0572162 	 0.999972 	 4.9969e-06 
930 	 0.0200506 	 0.000437726 	 5.76411 	 0.0572075 	 0.999976 	 4.8599e-06 
932 	 0.0210635 	 0.000427893 	 5.76862 	 0.0571986 	 0.999973 	 4.95557e-06 
934 	 0.0208718 	 0.000410737 	 5.7731 	 0.0571903 	 0.999974 	 4.88124e-06 
936 	 0.0202221 	 0.000449225 	 5.77755 	 0.0571827 	 0.999975 	 4.86851e-06 
938 	 0.0211979 	 0.000374278 	 5.78197 	 0.0571763 	 0.999973 	 4.46206e-06 
940 	 0.0201328 	 0.000445258 	 5.78635 	 0.0571712 	 0.999976 	 4.6591e-06 
942 	 0.0205634 	 0.000366097 	 5.79071 	 0.0571674 	 0.999975 	 4.36498e-06 
944 	 0.0209336 	 0.000403058 	 5.79503 	 0.0571656 	 0.999974 	 4.42687e-06 
946 	 0.0200639 	 0.000450931 	 5.79932 	 0.0571659 	 0.999976 	 4.92297e-06 
948 	 0.0207631 	 0.000415904 	 5.80358 	 0.0571685 	 0.999974 	 4.76779e-06 
950 	 0.0209679 	 0.000378765 	 5.8078 	 0.0571737 	 0.999974 	 4.46546e-06 
952 	 0.0203202 	 0.000384991 	 5.812 	 0.0571818 	 0.999975 	 4.3297e-06 
954 	 0.0208062 	 0.000415266 	 5.81616 	 0.0571926 	 0.999974 	 4.69968e-06 
956 	 0.0208945 	 0.000404322 	 5.82028 	 0.057207 	 0.999974 	 4.47877e-06 
958 	 0.0204049 	 0.000417329 	 5.82438 	 0.0572247 	 0.999975 	 4.41359e-06 
960 	 0.020735 	 0.000393306 	 5.82844 	 0.0572458 	 0.999975 	 4.67506e-06 
962 	 0.0204883 	 0.000417089 	 5.83247 	 0.0572709 	 0.999975 	 4.6298e-06 
964 	 0.020493 	 0.000423908 	 5.83648 	 0.0573001 	 0.999975 	 4.71453e-06 
966 	 0.0207984 	 0.000396136 	 5.84045 	 0.0573332 	 0.999975 	 4.37838e-06 
968 	 0.0203517 	 0.000411938 	 5.84439 	 0.0573705 	 0.999976 	 4.4409e-06 
970 	 0.0205958 	 0.000411856 	 5.8483 	 0.0574125 	 0.999975 	 4.59334e-06 
972 	 0.0208979 	 0.000408779 	 5.85218 	 0.0574588 	 0.999974 	 4.65252e-06 
974 	 0.0208867 	 0.000426852 	 5.85604 	 0.05751 	 0.999974 	 5.05553e-06 
976 	 0.0205389 	 0.000440325 	 5.85988 	 0.0575656 	 0.999975 	 4.58045e-06 
978 	 0.0209694 	 0.000380287 	 5.86369 	 0.0576257 	 0.999974 	 4.33053e-06 
980 	 0.0200746 	 0.00042434 	 5.86747 	 0.0576908 	 0.999977 	 4.49124e-06 
982 	 0.0206991 	 0.000400012 	 5.87124 	 0.0577606 	 0.999975 	 4.72393e-06 
984 	 0.0211093 	 0.000415676 	 5.87499 	 0.0578354 	 0.999974 	 4.77798e-06 
986 	 0.0198517 	 0.000477442 	 5.87873 	 0.0579148 	 0.999977 	 4.85185e-06 
988 	 0.0210468 	 0.000360467 	 5.88245 	 0.0579985 	 0.999974 	 4.20532e-06 
990 	 0.0203913 	 0.000380509 	 5.88615 	 0.058087 	 0.999976 	 4.15779e-06 
992 	 0.0205688 	 0.0004033 	 5.88985 	 0.0581799 	 0.999976 	 4.54171e-06 
994 	 0.0214102 	 0.000390493 	 5.89354 	 0.0582773 	 0.999973 	 4.53106e-06 
996 	 0.0197459 	 0.000473539 	 5.89722 	 0.0583789 	 0.999978 	 4.87802e-06 
998 	 0.0213756 	 0.000405631 	 5.90089 	 0.0584838 	 0.999974 	 4.69541e-06 
1000 	 0.0208585 	 0.000419627 	 5.90457 	 0.0585929 	 0.999975 	 4.77405e-06 
1002 	 0.0195964 	 0.00047849 	 5.90824 	 0.0587059 	 0.999978 	 5.04818e-06 
1004 	 0.0213962 	 0.000399212 	 5.91192 	 0.0588218 	 0.999974 	 4.66709e-06 
1006 	 0.0201526 	 0.000366807 	 5.91559 	 0.0589411 	 0.999977 	 3.64807e-06 
1008 	 0.0204913 	 0.000388152 	 5.91928 	 0.059063 	 0.999976 	 4.19075e-06 
1010 	 0.0209525 	 0.000422541 	 5.92296 	 0.0591872 	 0.999975 	 4.68754e-06 
1012 	 0.0203458 	 0.000468025 	 5.92666 	 0.0593139 	 0.999976 	 5.20392e-06 
1014 	 0.0210415 	 0.000366364 	 5.93037 	 0.0594427 	 0.999975 	 4.32131e-06 
1016 	 0.0207205 	 0.000407308 	 5.93409 	 0.0595731 	 0.999976 	 4.5352e-06 
1018 	 0.0204587 	 0.00045815 	 5.93782 	 0.0597047 	 0.999976 	 4.94619e-06 
1020 	 0.0207972 	 0.000413474 	 5.94156 	 0.0598376 	 0.999975 	 4.51276e-06 
1022 	 0.0206805 	 0.000394944 	 5.94532 	 0.059971 	 0.999976 	 4.49189e-06 
1024 	 0.0202842 	 0.000445859 	 5.94909 	 0.0601053 	 0.999977 	 4.88913e-06 
1026 	 0.0207936 	 0.000426278 	 5.95288 	 0.0602397 	 0.999975 	 4.77751e-06 
1028 	 0.0203814 	 0.000353187 	 5.95669 	 0.0603742 	 0.999976 	 3.97037e-06 
1030 	 0.0205373 	 0.000459532 	 5.96051 	 0.0605083 	 0.999976 	 4.93844e-06 
1032 	 0.021022 	 0.000396662 	 5.96435 	 0.0606419 	 0.999975 	 4.31084e-06 
1034 	 0.0205693 	 0.000411158 	 5.96821 	 0.0607749 	 0.999976 	 4.73544e-06 
1036 	 0.0205196 	 0.000434029 	 5.97209 	 0.0609072 	 0.999976 	 4.78426e-06 
1038 	 0.0212873 	 0.000428065 	 5.97599 	 0.0610383 	 0.999974 	 4.99035e-06 
1040 	 0.0203022 	 0.000413132 	 5.97991 	 0.0611682 	 0.999977 	 4.55305e-06 
1042 	 0.020331 	 0.000432687 	 5.98384 	 0.0612965 	 0.999977 	 4.6904e-06 
1044 	 0.020895 	 0.000384636 	 5.9878 	 0.0614235 	 0.999975 	 4.48309e-06 
1046 	 0.0199359 	 0.000419847 	 5.99177 	 0.0615493 	 0.999978 	 4.40765e-06 
1048 	 0.0211453 	 0.000396284 	 5.99576 	 0.0616731 	 0.999975 	 4.36996e-06 
1050 	 0.0208346 	 0.00041224 	 5.99978 	 0.0617951 	 0.999976 	 4.82577e-06 
1052 	 0.0198148 	 0.000445111 	 6.0038 	 0.0619153 	 0.999978 	 4.90028e-06 
1054 	 0.0216082 	 0.000433979 	 6.00785 	 0.0620339 	 0.999974 	 5.10321e-06 
1056 	 0.0206888 	 0.000475005 	 6.01192 	 0.0621509 	 0.999976 	 4.96279e-06 
1058 	 0.0200764 	 0.000415694 	 6.016 	 0.0622659 	 0.999978 	 4.6104e-06 
1060 	 0.0209983 	 0.00031829 	 6.0201 	 0.0623791 	 0.999976 	 3.82052e-06 
1062 	 0.0202246 	 0.000405019 	 6.02422 	 0.0624906 	 0.999977 	 4.50413e-06 
1064 	 0.0206503 	 0.000455206 	 6.02835 	 0.0626006 	 0.999976 	 5.10254e-06 
1066 	 0.0208566 	 0.000457603 	 6.03249 	 0.0627092 	 0.999976 	 5.19029e-06 
1068 	 0.0197993 	 0.000465432 	 6.03665 	 0.0628162 	 0.999978 	 4.92e-06 
1070 	 0.0214336 	 0.000322264 	 6.04083 	 0.0629217 	 0.999975 	 4.05978e-06 
1072 	 0.0204005 	 0.000392901 	 6.04501 	 0.0630259 	 0.999977 	 4.47522e-06 
1074 	 0.0204267 	 0.000462271 	 6.04922 	 0.0631291 	 0.999977 	 4.94251e-06 
1076 	 0.0213967 	 0.000425707 	 6.05343 	 0.0632315 	 0.999975 	 4.93902e-06 
1078 	 0.0198672 	 0.000448813 	 6.05765 	 0.063333 	 0.999978 	 4.83719e-06 
1080 	 0.0207935 	 0.000370411 	 6.06188 	 0.0634336 	 0.999976 	 4.41095e-06 
1082 	 0.0207866 	 0.000389493 	 6.06612 	 0.0635339 	 0.999976 	 4.37725e-06 
1084 	 0.0201404 	 0.00042226 	 6.07037 	 0.0636341 	 0.999978 	 4.69165e-06 
1086 	 0.0206689 	 0.00047311 	 6.07463 	 0.0637343 	 0.999977 	 5.04792e-06 
1088 	 0.020599 	 0.000401088 	 6.07889 	 0.0638343 	 0.999977 	 4.53908e-06 
1090 	 0.0202165 	 0.000419931 	 6.08317 	 0.0639349 	 0.999978 	 4.86723e-06 
1092 	 0.0212089 	 0.000423573 	 6.08744 	 0.0640359 	 0.999976 	 5.02395e-06 
1094 	 0.0207129 	 0.000381295 	 6.09172 	 0.0641378 	 0.999977 	 4.28079e-06 
1096 	 0.0204356 	 0.000415753 	 6.09601 	 0.0642412 	 0.999977 	 4.58234e-06 
1098 	 0.0209511 	 0.000433716 	 6.1003 	 0.0643455 	 0.999976 	 4.9026e-06 
1100 	 0.0206505 	 0.000447101 	 6.10459 	 0.0644515 	 0.999977 	 5.1474e-06 
1102 	 0.020153 	 0.000408629 	 6.10888 	 0.0645593 	 0.999978 	 4.32552e-06 
1104 	 0.020812 	 0.000358551 	 6.11318 	 0.0646692 	 0.999977 	 3.98718e-06 
1106 	 0.0203605 	 0.000360317 	 6.11747 	 0.0647814 	 0.999978 	 4.15743e-06 
1108 	 0.0200977 	 0.000474921 	 6.12177 	 0.0648962 	 0.999978 	 5.21591e-06 
1110 	 0.0213866 	 0.00049158 	 6.12606 	 0.0650137 	 0.999975 	 5.59068e-06 
1112 	 0.0204356 	 0.000443652 	 6.13036 	 0.0651341 	 0.999978 	 4.95934e-06 
1114 	 0.0206358 	 0.000353834 	 6.13465 	 0.0652578 	 0.999977 	 3.9899e-06 
1116 	 0.0208513 	 0.00035377 	 6.13894 	 0.0653848 	 0.999977 	 4.14654e-06 
1118 	 0.0198978 	 0.000409051 	 6.14322 	 0.0655154 	 0.999979 	 4.29362e-06 
1120 	 0.0214147 	 0.000453036 	 6.1475 	 0.0656493 	 0.999976 	 5.29445e-06 
1122 	 0.0202428 	 0.000508904 	 6.15178 	 0.065787 	 0.999978 	 5.5785e-06 
1124 	 0.0200573 	 0.000415707 	 6.15605 	 0.0659284 	 0.999979 	 4.5409e-06 
1126 	 0.0211486 	 0.000355444 	 6.16032 	 0.0660738 	 0.999976 	 4.32798e-06 
1128 	 0.0200593 	 0.000412007 	 6.16458 	 0.0662229 	 0.999979 	 4.34406e-06 
1130 	 0.0205315 	 0.0003693 	 6.16883 	 0.0663758 	 0.999978 	 3.93706e-06 
1132 	 0.0212592 	 0.000407784 	 6.17308 	 0.0665324 	 0.999976 	 4.70081e-06 
1134 	 0.0196529 	 0.000501102 	 6.17732 	 0.0666928 	 0.99998 	 5.25108e-06 
1136 	 0.0214006 	 0.000387788 	 6.18155 	 0.0668564 	 0.999976 	 4.81818e-06 
1138 	 0.0206262 	 0.00038306 	 6.18577 	 0.0670238 	 0.999978 	 4.36414e-06 
1140 	 0.0201524 	 0.000461795 	 6.18999 	 0.0671944 	 0.999979 	 4.70638e-06 
1142 	 0.021023 	 0.000388291 	 6.1942 	 0.0673681 	 0.999977 	 4.61592e-06 
1144 	 0.0198467 	 0.000428136 	 6.19839 	 0.0675443 	 0.999979 	 4.61908e-06 
1146 	 0.0208096 	 0.000419136 	 6.20258 	 0.0677233 	 0.999977 	 4.76221e-06 
1148 	 0.0206883 	 0.000433739 	 6.20675 	 0.0679051 	 0.999978 	 4.70828e-06 
1150 	 0.0204122 	 0.0003895 	 6.21091 	 0.0680886 	 0.999978 	 4.32846e-06 
1152 	 0.020637 	 0.000382615 	 6.21507 	 0.0682739 	 0.999978 	 4.28539e-06 
1154 	 0.0206118 	 0.000403801 	 6.21921 	 0.0684607 	 0.999978 	 4.57885e-06 
1156 	 0.0206884 	 0.000442286 	 6.22334 	 0.0686488 	 0.999978 	 5.02048e-06 
1158 	 0.0207344 	 0.000487864 	 6.22746 	 0.0688376 	 0.999978 	 5.2667e-06 
1160 	 0.0205995 	 0.000433672 	 6.23157 	 0.0690272 	 0.999978 	 4.83886e-06 
1162 	 0.0206182 	 0.00038146 	 6.23567 	 0.0692171 	 0.999978 	 4.36056e-06 
1164 	 0.020348 	 0.000401781 	 6.23976 	 0.0694067 	 0.999979 	 4.44349e-06 
1166 	 0.0203856 	 0.000399473 	 6.24383 	 0.069596 	 0.999978 	 4.4115e-06 
1168 	 0.0202246 	 0.000395542 	 6.2479 	 0.0697847 	 0.999979 	 4.37329e-06 
1170 	 0.0211794 	 0.000416771 	 6.25195 	 0.0699725 	 0.999977 	 4.82503e-06 
1172 	 0.0202143 	 0.000438996 	 6.256 	 0.0701587 	 0.999979 	 4.84907e-06 
1174 	 0.0205759 	 0.000443493 	 6.26003 	 0.0703433 	 0.999978 	 4.87066e-06 
1176 	 0.021079 	 0.000405353 	 6.26406 	 0.0705264 	 0.999977 	 4.66813e-06 
1178 	 0.0202918 	 0.000430102 	 6.26807 	 0.0707073 	 0.999979 	 4.65627e-06 
1180 	 0.0206256 	 0.000396711 	 6.27207 	 0.0708858 	 0.999978 	 4.43314e-06 
1182 	 0.020856 	 0.000405089 	 6.27607 	 0.0710615 	 0.999978 	 4.64021e-06 
1184 	 0.0196194 	 0.000444164 	 6.28005 	 0.0712344 	 0.99998 	 4.69992e-06 
1186 	 0.0209053 	 0.000418348 	 6.28403 	 0.0714043 	 0.999978 	 4.62638e-06 
1188 	 0.0207047 	 0.000423372 	 6.288 	 0.0715709 	 0.999978 	 4.62362e-06 
1190 	 0.0200813 	 0.00047469 	 6.29196 	 0.0717342 	 0.999979 	 5.11948e-06 
1192 	 0.0210561 	 0.000370012 	 6.29591 	 0.0718937 	 0.999977 	 4.35057e-06 
1194 	 0.0201973 	 0.000399614 	 6.29985 	 0.0720494 	 0.999979 	 4.18834e-06 
1196 	 0.0207408 	 0.000386115 	 6.30379 	 0.072201 	 0.999978 	 4.24311e-06 
1198 	 0.0208024 	 0.000394145 	 6.30772 	 0.0723486 	 0.999978 	 4.69404e-06 
1200 	 0.0201258 	 0.00048515 	 6.31164 	 0.0724922 	 0.999979 	 5.10457e-06 
1202 	 0.0208713 	 0.000447617 	 6.31556 	 0.0726312 	 0.999978 	 4.95383e-06 
1204 	 0.0204446 	 0.000419227 	 6.31947 	 0.0727656 	 0.999979 	 4.39877e-06 
1206 	 0.0201544 	 0.000378916 	 6.32337 	 0.0728953 	 0.999979 	 4.08004e-06 
1208 	 0.0207642 	 0.000366576 	 6.32726 	 0.0730205 	 0.999978 	 4.28542e-06 
1210 	 0.0202619 	 0.000451054 	 6.33115 	 0.0731411 	 0.999979 	 4.82949e-06 
1212 	 0.0209195 	 0.000482552 	 6.33503 	 0.0732567 	 0.999978 	 5.13584e-06 
1214 	 0.0207607 	 0.000396122 	 6.3389 	 0.073367 	 0.999978 	 4.47254e-06 
1216 	 0.0199762 	 0.000405568 	 6.34277 	 0.0734726 	 0.99998 	 4.4134e-06 
1218 	 0.021296 	 0.000399769 	 6.34664 	 0.0735733 	 0.999977 	 4.44464e-06 
1220 	 0.020507 	 0.00037666 	 6.35049 	 0.0736689 	 0.999979 	 4.10258e-06 
1222 	 0.0197639 	 0.000426011 	 6.35434 	 0.0737592 	 0.99998 	 4.49335e-06 
1224 	 0.0206962 	 0.000395201 	 6.35818 	 0.0738443 	 0.999979 	 4.23201e-06 
1226 	 0.0208154 	 0.000455052 	 6.36201 	 0.0739244 	 0.999978 	 4.91032e-06 
1228 	 0.020308 	 0.000452392 	 6.36584 	 0.0739996 	 0.999979 	 4.90869e-06 
1230 	 0.0205784 	 0.000423452 	 6.36966 	 0.0740697 	 0.999979 	 4.59948e-06 
1232 	 0.0203054 	 0.000425081 	 6.37347 	 0.0741348 	 0.999979 	 4.53988e-06 
1234 	 0.0204644 	 0.000391327 	 6.37727 	 0.0741946 	 0.999979 	 4.26127e-06 
1236 	 0.021017 	 0.000421995 	 6.38106 	 0.0742497 	 0.999978 	 4.52382e-06 
1238 	 0.0206931 	 0.000408436 	 6.38484 	 0.0743002 	 0.999979 	 4.48043e-06 
1240 	 0.0203163 	 0.000414492 	 6.38862 	 0.0743459 	 0.99998 	 4.44032e-06 
1242 	 0.0205515 	 0.000422676 	 6.39238 	 0.0743871 	 0.999979 	 4.39591e-06 
1244 	 0.0202831 	 0.000461681 	 6.39613 	 0.0744239 	 0.99998 	 4.90432e-06 
1246 	 0.0203343 	 0.000452933 	 6.39987 	 0.0744565 	 0.99998 	 4.86007e-06 
1248 	 0.0208259 	 0.000417735 	 6.40359 	 0.0744851 	 0.999979 	 4.5747e-06 
1250 	 0.0199501 	 0.000404821 	 6.4073 	 0.0745101 	 0.99998 	 3.96998e-06 
1252 	 0.0210208 	 0.000366709 	 6.411 	 0.0745314 	 0.999978 	 4.01502e-06 
1254 	 0.0203544 	 0.00042406 	 6.41467 	 0.0745492 	 0.99998 	 4.5404e-06 
1256 	 0.0203646 	 0.000532865 	 6.41833 	 0.0745638 	 0.99998 	 5.53569e-06 
1258 	 0.0213623 	 0.000417112 	 6.42197 	 0.0745759 	 0.999978 	 4.62605e-06 
1260 	 0.0200447 	 0.000435986 	 6.4256 	 0.0745855 	 0.99998 	 4.40119e-06 
1262 	 0.0205307 	 0.000394199 	 6.4292 	 0.074593 	 0.999979 	 4.27277e-06 
1264 	 0.0204507 	 0.000373887 	 6.43277 	 0.0745983 	 0.99998 	 4.01551e-06 
1266 	 0.0197208 	 0.00045704 	 6.43633 	 0.074602 	 0.999981 	 4.5503e-06 
1268 	 0.0213296 	 0.000432554 	 6.43985 	 0.0746044 	 0.999978 	 4.71661e-06 
1270 	 0.0203785 	 0.000408669 	 6.44336 	 0.0746061 	 0.99998 	 4.32551e-06 
1272 	 0.0199577 	 0.0004215 	 6.44683 	 0.0746071 	 0.999981 	 4.41249e-06 
1274 	 0.0215059 	 0.000405775 	 6.45028 	 0.0746077 	 0.999978 	 4.44552e-06 
1276 	 0.0201688 	 0.00046212 	 6.45369 	 0.0746082 	 0.99998 	 4.61714e-06 
1278 	 0.0204498 	 0.000417326 	 6.45708 	 0.0746093 	 0.99998 	 4.36983e-06 
1280 	 0.0208824 	 0.000375662 	 6.46044 	 0.0746111 	 0.999979 	 4.15236e-06 
1282 	 0.0200303 	 0.000434319 	 6.46376 	 0.0746138 	 0.999981 	 4.35286e-06 
1284 	 0.0208224 	 0.000435146 	 6.46705 	 0.0746178 	 0.999979 	 4.4529e-06 
1286 	 0.0201468 	 0.00040493 	 6.47031 	 0.0746232 	 0.99998 	 4.06153e-06 
1288 	 0.0203983 	 0.000409318 	 6.47354 	 0.0746304 	 0.99998 	 4.18687e-06 
1290 	 0.0204734 	 0.000378192 	 6.47673 	 0.0746397 	 0.99998 	 4.09062e-06 
1292 	 0.0206178 	 0.000455188 	 6.4799 	 0.0746515 	 0.99998 	 4.73089e-06 
1294 	 0.0206451 	 0.000457684 	 6.48303 	 0.0746659 	 0.99998 	 4.7311e-06 
1296 	 0.0208496 	 0.000407797 	 6.48612 	 0.0746827 	 0.999979 	 4.02985e-06 
1298 	 0.0204917 	 0.000404235 	 6.48919 	 0.0747024 	 0.99998 	 4.18749e-06 
1300 	 0.0199621 	 0.000378399 	 6.49223 	 0.0747255 	 0.999981 	 3.88023e-06 
1302 	 0.0209585 	 0.000370334 	 6.49524 	 0.0747517 	 0.999979 	 4.06318e-06 
1304 	 0.020085 	 0.000458741 	 6.49823 	 0.0747813 	 0.999981 	 4.52865e-06 
1306 	 0.0204522 	 0.000471054 	 6.50118 	 0.074814 	 0.99998 	 4.56372e-06 
1308 	 0.0208761 	 0.000434714 	 6.50412 	 0.0748505 	 0.999979 	 4.66987e-06 
1310 	 0.0199701 	 0.000391944 	 6.50703 	 0.0748905 	 0.999981 	 3.71601e-06 
1312 	 0.0207193 	 0.000382081 	 6.50992 	 0.0749341 	 0.99998 	 4.10166e-06 
1314 	 0.0210202 	 0.000396215 	 6.51279 	 0.0749812 	 0.999979 	 4.24776e-06 
1316 	 0.0200563 	 0.000462191 	 6.51565 	 0.0750319 	 0.999981 	 4.42233e-06 
1318 	 0.0212777 	 0.000439298 	 6.51849 	 0.0750863 	 0.999978 	 4.56174e-06 
1320 	 0.0203207 	 0.000406131 	 6.52132 	 0.0751441 	 0.99998 	 4.00306e-06 
1322 	 0.019864 	 0.00041873 	 6.52414 	 0.0752054 	 0.999981 	 3.93745e-06 
1324 	 0.0212915 	 0.000349491 	 6.52696 	 0.0752699 	 0.999978 	 4.01174e-06 
1326 	 0.0198139 	 0.000436393 	 6.52977 	 0.0753377 	 0.999981 	 4.18758e-06 
1328 	 0.0206246 	 0.000452746 	 6.53257 	 0.0754087 	 0.99998 	 4.50194e-06 
1330 	 0.0210278 	 0.000404908 	 6.53537 	 0.0754827 	 0.999979 	 4.05741e-06 
1332 	 0.019876 	 0.000424056 	 6.53818 	 0.0755593 	 0.999981 	 4.11178e-06 
1334 	 0.0212046 	 0.000380819 	 6.54099 	 0.0756388 	 0.999979 	 4.02184e-06 
1336 	 0.0207055 	 0.000440149 	 6.5438 	 0.0757209 	 0.99998 	 4.54868e-06 
1338 	 0.0202375 	 0.000455248 	 6.54661 	 0.0758052 	 0.999981 	 4.42511e-06 
1340 	 0.0211191 	 0.00038583 	 6.54944 	 0.0758919 	 0.999979 	 3.95339e-06 
1342 	 0.0200793 	 0.000418739 	 6.55227 	 0.0759805 	 0.999981 	 3.85794e-06 
1344 	 0.020689 	 0.000434291 	 6.55511 	 0.0760708 	 0.99998 	 4.26015e-06 
1346 	 0.0208059 	 0.000433498 	 6.55796 	 0.076163 	 0.99998 	 4.4616e-06 
1348 	 0.0197792 	 0.000444496 	 6.56083 	 0.0762566 	 0.999982 	 4.21379e-06 
1350 	 0.0210589 	 0.000394049 	 6.5637 	 0.0763516 	 0.999979 	 4.17751e-06 
1352 	 0.0208094 	 0.000380234 	 6.56659 	 0.0764474 	 0.99998 	 3.63059e-06 
1354 	 0.020176 	 0.000464592 	 6.56949 	 0.0765445 	 0.999981 	 4.44094e-06 
1356 	 0.0208877 	 0.000412639 	 6.5724 	 0.0766424 	 0.99998 	 4.22217e-06 
1358 	 0.0207195 	 0.000385244 	 6.57533 	 0.0767408 	 0.99998 	 3.92557e-06 
1360 	 0.0202652 	 0.000401919 	 6.57827 	 0.0768397 	 0.999981 	 3.77943e-06 
1362 	 0.0207406 	 0.000447667 	 6.58122 	 0.0769387 	 0.99998 	 4.43218e-06 
1364 	 0.0206375 	 0.000446778 	 6.58418 	 0.0770381 	 0.99998 	 4.45379e-06 
1366 	 0.0201673 	 0.000431245 	 6.58716 	 0.0771377 	 0.999981 	 3.9968e-06 
1368 	 0.0209494 	 0.000374362 	 6.59015 	 0.0772368 	 0.99998 	 3.84632e-06 
1370 	 0.0201162 	 0.00039305 	 6.59315 	 0.077336 	 0.999981 	 3.91517e-06 
1372 	 0.020407 	 0.000437367 	 6.59616 	 0.0774346 	 0.999981 	 4.20831e-06 
1374 	 0.0216284 	 0.000445909 	 6.59918 	 0.0775329 	 0.999978 	 4.41279e-06 
1376 	 0.0201525 	 0.000434447 	 6.60221 	 0.0776304 	 0.999981 	 4.05212e-06 
1378 	 0.0205833 	 0.000412526 	 6.60525 	 0.0777272 	 0.99998 	 4.04636e-06 
1380 	 0.0209242 	 0.000397996 	 6.6083 	 0.0778233 	 0.99998 	 4.02377e-06 
1382 	 0.0201332 	 0.000404484 	 6.61135 	 0.0779182 	 0.999981 	 3.85244e-06 
1384 	 0.0209337 	 0.000374633 	 6.61442 	 0.0780123 	 0.99998 	 3.56355e-06 
1386 	 0.0204973 	 0.000432817 	 6.61749 	 0.078105 	 0.999981 	 4.16362e-06 
1388 	 0.0198853 	 0.000468194 	 6.62057 	 0.0781964 	 0.999982 	 4.37349e-06 
1390 	 0.0214779 	 0.00045194 	 6.62365 	 0.0782865 	 0.999979 	 4.51712e-06 
1392 	 0.0203148 	 0.000471793 	 6.62674 	 0.078375 	 0.999981 	 4.29657e-06 
1394 	 0.0205229 	 0.000382187 	 6.62984 	 0.0784617 	 0.999981 	 3.72156e-06 
1396 	 0.0211467 	 0.000352376 	 6.63294 	 0.0785468 	 0.99998 	 3.58069e-06 
1398 	 0.0198614 	 0.000448824 	 6.63604 	 0.0786301 	 0.999982 	 3.97489e-06 
1400 	 0.021501 	 0.000435949 	 6.63916 	 0.0787112 	 0.999979 	 4.36502e-06 
1402 	 0.0204564 	 0.000423511 	 6.64228 	 0.0787902 	 0.999981 	 3.96835e-06 
1404 	 0.0197678 	 0.000450938 	 6.6454 	 0.078867 	 0.999982 	 4.02216e-06 
1406 	 0.0212475 	 0.000395801 	 6.64852 	 0.0789416 	 0.999979 	 3.98525e-06 
1408 	 0.0202546 	 0.000464001 	 6.65165 	 0.0790138 	 0.999981 	 4.20418e-06 
1410 	 0.0204228 	 0.000419174 	 6.65479 	 0.0790832 	 0.999981 	 3.95915e-06 
1412 	 0.0209318 	 0.000386939 	 6.65793 	 0.0791501 	 0.99998 	 3.70386e-06 
1414 	 0.0203198 	 0.000418451 	 6.66108 	 0.0792143 	 0.999981 	 3.98178e-06 
1416 	 0.0211915 	 0.000418135 	 6.66423 	 0.0792756 	 0.99998 	 4.14564e-06 
1418 	 0.0206701 	 0.000462038 	 6.66738 	 0.079334 	 0.999981 	 4.33478e-06 
1420 	 0.0203911 	 0.000464428 	 6.67055 	 0.0793893 	 0.999981 	 4.12217e-06 
1422 	 0.0207152 	 0.000412903 	 6.67371 	 0.0794418 	 0.999981 	 3.85479e-06 
1424 	 0.02034 	 0.000378286 	 6.67689 	 0.079491 	 0.999981 	 3.54551e-06 
1426 	 0.0205463 	 0.000445583 	 6.68006 	 0.079537 	 0.999981 	 4.14021e-06 
1428 	 0.0204494 	 0.000428155 	 6.68325 	 0.0795798 	 0.999981 	 4.02868e-06 
1430 	 0.0209742 	 0.000428715 	 6.68644 	 0.0796194 	 0.99998 	 3.94446e-06 
1432 	 0.0202277 	 0.000418643 	 6.68963 	 0.0796556 	 0.999982 	 3.78522e-06 
1434 	 0.020828 	 0.000411629 	 6.69283 	 0.0796885 	 0.99998 	 4.01906e-06 
1436 	 0.0208389 	 0.000465971 	 6.69604 	 0.0797182 	 0.99998 	 4.41783e-06 
1438 	 0.0204307 	 0.000462024 	 6.69925 	 0.0797445 	 0.999981 	 4.06311e-06 
1440 	 0.0211687 	 0.000400116 	 6.70247 	 0.0797675 	 0.99998 	 3.70756e-06 
1442 	 0.020061 	 0.000446265 	 6.70569 	 0.0797872 	 0.999982 	 4.06255e-06 
1444 	 0.020457 	 0.000395368 	 6.70891 	 0.0798037 	 0.999981 	 3.67963e-06 
1446 	 0.0208071 	 0.000381157 	 6.71215 	 0.079817 	 0.999981 	 3.60273e-06 
1448 	 0.0197986 	 0.000453917 	 6.71538 	 0.079827 	 0.999982 	 3.83933e-06 
1450 	 0.0212199 	 0.000426613 	 6.71863 	 0.079834 	 0.99998 	 4.29052e-06 
1452 	 0.0206993 	 0.000489287 	 6.72187 	 0.0798379 	 0.999981 	 4.46497e-06 
1454 	 0.0200429 	 0.000501089 	 6.72512 	 0.0798388 	 0.999982 	 4.42519e-06 
1456 	 0.0214979 	 0.00039674 	 6.72837 	 0.0798368 	 0.999979 	 3.76417e-06 
1458 	 0.0202128 	 0.000395869 	 6.73163 	 0.0798322 	 0.999982 	 3.5389e-06 
1460 	 0.0205516 	 0.000385813 	 6.73489 	 0.0798247 	 0.999981 	 3.67384e-06 
1462 	 0.0210126 	 0.000452268 	 6.73816 	 0.0798147 	 0.99998 	 4.29389e-06 
1464 	 0.0198474 	 0.000445717 	 6.74142 	 0.0798022 	 0.999983 	 3.84153e-06 
1466 	 0.0208142 	 0.000420901 	 6.74469 	 0.0797874 	 0.999981 	 3.82366e-06 
1468 	 0.0205437 	 0.000397802 	 6.74796 	 0.0797702 	 0.999981 	 3.65747e-06 
1470 	 0.0200412 	 0.000444467 	 6.75124 	 0.079751 	 0.999982 	 4.00697e-06 
1472 	 0.0211263 	 0.000368103 	 6.75451 	 0.0797298 	 0.99998 	 3.71739e-06 
1474 	 0.0205328 	 0.000430822 	 6.75779 	 0.0797067 	 0.999981 	 3.85324e-06 
1476 	 0.0206632 	 0.00051594 	 6.76107 	 0.0796822 	 0.999981 	 4.45992e-06 
1478 	 0.0210128 	 0.000389419 	 6.76435 	 0.0796557 	 0.999981 	 3.60997e-06 
1480 	 0.0201202 	 0.000465889 	 6.76763 	 0.079628 	 0.999982 	 4.21961e-06 
1482 	 0.0206949 	 0.000412749 	 6.77092 	 0.0795992 	 0.999981 	 3.75245e-06 
1484 	 0.0206423 	 0.000408924 	 6.7742 	 0.0795692 	 0.999981 	 3.69176e-06 
1486 	 0.0201641 	 0.000379406 	 6.77749 	 0.0795382 	 0.999982 	 3.45583e-06 
1488 	 0.0206541 	 0.000425405 	 6.78078 	 0.0795066 	 0.999981 	 3.85501e-06 
1490 	 0.0203441 	 0.000447109 	 6.78407 	 0.0794743 	 0.999982 	 3.96297e-06 
1492 	 0.0209364 	 0.000475624 	 6.78736 	 0.0794419 	 0.999981 	 4.26885e-06 
1494 	 0.0209315 	 0.000396342 	 6.79066 	 0.0794092 	 0.999981 	 3.68579e-06 
1496 	 0.0204342 	 0.00038546 	 6.79396 	 0.0793763 	 0.999982 	 3.52414e-06 
1498 	 0.0205706 	 0.000449333 	 6.79726 	 0.0793436 	 0.999982 	 4.03681e-06 
1500 	 0.0207825 	 0.000444703 	 6.80056 	 0.0793113 	 0.999981 	 4.03943e-06 
