#data for Figs. 1(c) and 1(d)
#Parameters: J_perp = J_parallel = 5t

#tau: evolution time

#Delta_rms: root-mean-square of Delta = (x1 - x2)/2
#Delta_std: standard error on Delta_rms estimated from sampling 

#X_rms: root-mean-square of X = (x1 + x2)/2
#X_std: standard error on X_rms estimated from sampling

#corr(x1,x2): correlation coefficient of x1, x2. 
#std on corr(x1,x2) estimated from sampling.

tau 	 Delta_rms 	 Delta_std 	  	 X_rms	 	 X_std		corr(x1,x2)  	 std on corr(x1,x2) 

0.0 	 0.000000 	 0.000000000 	 0.000000 	 0.000000000 	 0.000000000 	 0.0 
0.2 	 0.198408 	 4.44675e-05 	 0.198499 	 3.81007e-05 	 0.000458929 	 0.000181604 
0.4 	 0.386727 	 0.000384583 	 0.389028 	 0.000222963 	 0.00594476 	 0.00241823 
0.6 	 0.55485 	 0.00133866 	 0.566759 	 0.000556386 	 0.0213235 	 0.00910218 
0.8 	 0.698238 	 0.00295296 	 0.728436 	 0.00125981 	 0.0425835 	 0.0194343 
1 	 0.820064 	 0.00487362 	 0.871547 	 0.00248678 	 0.0612785 	 0.0300123 
1.2 	 0.924878 	 0.00675484 	 0.996824 	 0.00398264 	 0.0753757 	 0.0383344 
1.4 	 1.01381 	 0.00854337 	 1.10814 	 0.00542547 	 0.0894521 	 0.0441176 
1.6 	 1.08701 	 0.0102945 	 1.20879 	 0.00668348 	 0.106652 	 0.0480828 
1.8 	 1.14708 	 0.0119952 	 1.29959 	 0.00779093 	 0.12523 	 0.0508053 
2 	 1.19826 	 0.0135875 	 1.38048 	 0.00883368 	 0.141857 	 0.0526719 
2.2 	 1.24344 	 0.0150384 	 1.45267 	 0.00989492 	 0.155674 	 0.0541774 
2.4 	 1.28331 	 0.0163522 	 1.51858 	 0.0109969 	 0.168274 	 0.0557425 
2.6 	 1.31811 	 0.0175059 	 1.5799 	 0.0120425 	 0.180797 	 0.0571707 
2.8 	 1.34883 	 0.0184292 	 1.63659 	 0.0129096 	 0.192645 	 0.0580119 
3 	 1.37667 	 0.0190233 	 1.68788 	 0.0136229 	 0.202649 	 0.0582281 
3.2 	 1.4021 	 0.0192031 	 1.73353 	 0.0143351 	 0.210532 	 0.0579817 
3.4 	 1.42469 	 0.0190386 	 1.77417 	 0.0151351 	 0.217135 	 0.0574791 
3.6 	 1.4441 	 0.0187673 	 1.8107 	 0.0159676 	 0.223365 	 0.0570116 
3.8 	 1.46085 	 0.0185667 	 1.84384 	 0.0167215 	 0.229397 	 0.0566427 
4 	 1.47586 	 0.0184186 	 1.87422 	 0.0173067 	 0.235028 	 0.0560789 
4.2 	 1.48994 	 0.0182285 	 1.9026 	 0.017657 	 0.240147 	 0.0549777 
4.4 	 1.50381 	 0.017962 	 1.92967 	 0.017753 	 0.244654 	 0.0533352 
4.6 	 1.51804 	 0.0176287 	 1.95579 	 0.0176427 	 0.248403 	 0.0514208 
4.8 	 1.53257 	 0.0172495 	 1.98118 	 0.0174056 	 0.251528 	 0.0494517 
5 	 1.5466 	 0.0168826 	 2.00597 	 0.0171098 	 0.254614 	 0.0475077 
5.2 	 1.55922 	 0.0166066 	 2.03016 	 0.0168078 	 0.258217 	 0.045645 
5.4 	 1.57017 	 0.0164815 	 2.05358 	 0.0165591 	 0.26241 	 0.0440787 
5.6 	 1.57968 	 0.0165661 	 2.07624 	 0.0164191 	 0.26704 	 0.043239 
5.8 	 1.58823 	 0.0168997 	 2.09857 	 0.0163986 	 0.272019 	 0.043465 
6 	 1.59662 	 0.0174224 	 2.12095 	 0.0164545 	 0.277035 	 0.0446045 
6.2 	 1.60587 	 0.0179965 	 2.1432 	 0.0165128 	 0.281417 	 0.0460924 
6.4 	 1.61654 	 0.0185012 	 2.16476 	 0.016508 	 0.284617 	 0.0473963 
6.6 	 1.62834 	 0.0188797 	 2.18531 	 0.0164152 	 0.286685 	 0.0483588 
6.8 	 1.6404 	 0.0191599 	 2.20505 	 0.016243 	 0.288218 	 0.049215 
7 	 1.65193 	 0.0194175 	 2.2244 	 0.0160199 	 0.289847 	 0.0502344 
7.2 	 1.66274 	 0.019687 	 2.24357 	 0.0157928 	 0.291771 	 0.0513536 
7.4 	 1.67302 	 0.019941 	 2.26253 	 0.0156093 	 0.293865 	 0.052258 
7.6 	 1.68279 	 0.0201474 	 2.28122 	 0.015507 	 0.296081 	 0.0527478 
7.8 	 1.6919 	 0.0203025 	 2.29967 	 0.0155197 	 0.298515 	 0.052908 
8 	 1.70028 	 0.0204205 	 2.31793 	 0.0156661 	 0.301202 	 0.0529374 
8.2 	 1.70803 	 0.0205372 	 2.33601 	 0.015937 	 0.304105 	 0.0529895 
8.4 	 1.71504 	 0.0207231 	 2.35385 	 0.0163126 	 0.307269 	 0.0532197 
8.6 	 1.72115 	 0.0210269 	 2.37128 	 0.0167819 	 0.310714 	 0.0537379 
8.8 	 1.72665 	 0.0213968 	 2.38803 	 0.0173333 	 0.31418 	 0.0544108 
9 	 1.73208 	 0.0216929 	 2.40396 	 0.0179339 	 0.317312 	 0.0548372 
9.2 	 1.73765 	 0.0217979 	 2.41918 	 0.0185428 	 0.320046 	 0.0546755 
9.4 	 1.74329 	 0.0216984 	 2.43378 	 0.0191537 	 0.322444 	 0.0539961 
9.6 	 1.74902 	 0.0214687 	 2.44757 	 0.0197917 	 0.324434 	 0.0532329 
9.8 	 1.75478 	 0.0212294 	 2.46049 	 0.0204578 	 0.32606 	 0.0528305 
10 	 1.76027 	 0.02109 	 2.47285 	 0.0211067 	 0.327619 	 0.0529103 
10.2 	 1.76532 	 0.0210765 	 2.48508 	 0.0216816 	 0.329369 	 0.0532022 
10.4 	 1.77008 	 0.0211382 	 2.49739 	 0.0221451 	 0.331315 	 0.0533295 
10.6 	 1.77491 	 0.0212263 	 2.50978 	 0.0224809 	 0.333274 	 0.0531133 
10.8 	 1.78009 	 0.0213214 	 2.52214 	 0.0226928 	 0.335062 	 0.0525837 
11 	 1.78565 	 0.0214142 	 2.53434 	 0.0228089 	 0.336609 	 0.0518589 
11.2 	 1.79143 	 0.0215066 	 2.54619 	 0.0228624 	 0.33792 	 0.0510721 
11.4 	 1.79715 	 0.0216231 	 2.55749 	 0.0228543 	 0.339072 	 0.0503298 
11.6 	 1.8024 	 0.0217639 	 2.56825 	 0.0227645 	 0.340265 	 0.0496381 
11.8 	 1.8067 	 0.0218655 	 2.57868 	 0.0225981 	 0.341802 	 0.0488984 
12 	 1.80968 	 0.0218733 	 2.58908 	 0.0223861 	 0.343942 	 0.0480655 
12.2 	 1.81151 	 0.0218091 	 2.59964 	 0.0221721 	 0.346671 	 0.0472494 
12.4 	 1.8128 	 0.0217215 	 2.61032 	 0.0220217 	 0.349666 	 0.0465874 
12.6 	 1.81412 	 0.0216354 	 2.62099 	 0.0219994 	 0.352601 	 0.0461324 
12.8 	 1.81559 	 0.0215548 	 2.63159 	 0.0221196 	 0.355405 	 0.0458781 
13 	 1.8171 	 0.0214628 	 2.64217 	 0.0223408 	 0.358141 	 0.0457869 
13.2 	 1.81874 	 0.021343 	 2.65267 	 0.0226033 	 0.360763 	 0.0458159 
13.4 	 1.82074 	 0.0211926 	 2.66299 	 0.0228629 	 0.363124 	 0.0458892 
13.6 	 1.82312 	 0.0210023 	 2.67301 	 0.0231006 	 0.365181 	 0.0458772 
13.8 	 1.82561 	 0.0207627 	 2.68276 	 0.0233164 	 0.367087 	 0.0456958 
14 	 1.82785 	 0.0204744 	 2.69224 	 0.0235212 	 0.369005 	 0.045335 
14.2 	 1.82989 	 0.0201318 	 2.70135 	 0.0237341 	 0.370886 	 0.0447882 
14.4 	 1.83214 	 0.0197251 	 2.70996 	 0.0239822 	 0.372484 	 0.0440703 
14.6 	 1.83509 	 0.019267 	 2.71802 	 0.0242893 	 0.373563 	 0.0432724 
14.8 	 1.83882 	 0.0188152 	 2.72562 	 0.0246488 	 0.374119 	 0.0425248 
15 	 1.84306 	 0.0184539 	 2.73303 	 0.0250252 	 0.374379 	 0.0419075 
15.2 	 1.84743 	 0.0182503 	 2.74055 	 0.0253811 	 0.374646 	 0.0414181 
15.4 	 1.85155 	 0.0182369 	 2.7484 	 0.025688 	 0.375166 	 0.0410368 
15.6 	 1.85511 	 0.0183837 	 2.75655 	 0.0259375 	 0.376068 	 0.0407542 
15.8 	 1.85799 	 0.0185855 	 2.7648 	 0.0261516 	 0.377323 	 0.0405266 
16 	 1.86025 	 0.018762 	 2.77292 	 0.0263642 	 0.378809 	 0.0403427 
16.2 	 1.86204 	 0.0189414 	 2.78082 	 0.026594 	 0.380433 	 0.0403167 
16.4 	 1.8635 	 0.019187 	 2.78866 	 0.0268432 	 0.382177 	 0.0405559 
16.6 	 1.86486 	 0.0194939 	 2.79663 	 0.0271015 	 0.384004 	 0.0409806 
16.8 	 1.86641 	 0.0197922 	 2.8047 	 0.0273439 	 0.385769 	 0.0413541 
17 	 1.86837 	 0.0200171 	 2.81263 	 0.0275463 	 0.387288 	 0.0414939 
17.2 	 1.87081 	 0.0201498 	 2.82016 	 0.0277139 	 0.388461 	 0.0414325 
17.4 	 1.87355 	 0.0201844 	 2.82717 	 0.0278823 	 0.389314 	 0.0413125 
17.6 	 1.87635 	 0.0201009 	 2.83375 	 0.0280855 	 0.389982 	 0.041213 
17.8 	 1.879 	 0.0199031 	 2.8401 	 0.0283301 	 0.390619 	 0.0411737 
18 	 1.88148 	 0.019635 	 2.84641 	 0.0285983 	 0.391295 	 0.0412481 
18.2 	 1.88399 	 0.0193353 	 2.85275 	 0.0288555 	 0.391955 	 0.0414173 
18.4 	 1.88674 	 0.0190139 	 2.85903 	 0.0290619 	 0.392489 	 0.0415609 
18.6 	 1.88978 	 0.0186881 	 2.86504 	 0.0292031 	 0.39283 	 0.041596 
18.8 	 1.89293 	 0.0184102 	 2.87063 	 0.0293078 	 0.39301 	 0.0415762 
19 	 1.89592 	 0.0182269 	 2.87587 	 0.0294242 	 0.393169 	 0.0416038 
19.2 	 1.89852 	 0.0181377 	 2.88102 	 0.0295805 	 0.393489 	 0.0416955 
19.4 	 1.90066 	 0.0181264 	 2.88636 	 0.0297849 	 0.394074 	 0.0418052 
19.6 	 1.9025 	 0.0182029 	 2.89203 	 0.0300481 	 0.394898 	 0.0419318 
19.8 	 1.90426 	 0.0183866 	 2.89803 	 0.0303706 	 0.395859 	 0.0421007 
20 	 1.90608 	 0.0186614 	 2.90433 	 0.0307193 	 0.39689 	 0.04229 
20.2 	 1.90793 	 0.0189685 	 2.91089 	 0.031054 	 0.397985 	 0.04246 
20.4 	 1.90975 	 0.0192563 	 2.91757 	 0.0313561 	 0.399131 	 0.0426134 
20.6 	 1.91156 	 0.019508 	 2.92414 	 0.0316248 	 0.400242 	 0.0427564 
20.8 	 1.91351 	 0.0197103 	 2.93035 	 0.0318737 	 0.40118 	 0.0428292 
21 	 1.91563 	 0.0198484 	 2.93606 	 0.0321273 	 0.401883 	 0.0427489 
21.2 	 1.91775 	 0.0199418 	 2.94139 	 0.0324044 	 0.402475 	 0.0425355 
21.4 	 1.91961 	 0.020043 	 2.94665 	 0.0327067 	 0.403148 	 0.0423472 
21.6 	 1.92126 	 0.020181 	 2.95209 	 0.0330169 	 0.40396 	 0.0423286 
21.8 	 1.92295 	 0.0203118 	 2.95774 	 0.0333036 	 0.404808 	 0.0424475 
22 	 1.92493 	 0.0203235 	 2.96354 	 0.03354 	 0.405553 	 0.0425046 
22.2 	 1.92731 	 0.0201184 	 2.96942 	 0.0337195 	 0.406127 	 0.0422785 
22.4 	 1.92997 	 0.0197122 	 2.97538 	 0.0338543 	 0.40658 	 0.0417004 
22.6 	 1.93265 	 0.019232 	 2.98153 	 0.0339619 	 0.407079 	 0.0409014 
22.8 	 1.93508 	 0.0188199 	 2.98793 	 0.0340399 	 0.407771 	 0.0400888 
23 	 1.93724 	 0.0185516 	 2.99447 	 0.0340623 	 0.408647 	 0.0394105 
23.2 	 1.93924 	 0.018416 	 3.00096 	 0.0340138 	 0.40959 	 0.0389212 
23.4 	 1.94117 	 0.0183559 	 3.00726 	 0.033916 	 0.410521 	 0.0386439 
23.6 	 1.94302 	 0.0183205 	 3.01331 	 0.0338029 	 0.411414 	 0.0386215 
23.8 	 1.94482 	 0.0182803 	 3.01906 	 0.0336779 	 0.412234 	 0.0388713 
24 	 1.94674 	 0.0182158 	 3.02451 	 0.0335121 	 0.412907 	 0.0393329 
24.2 	 1.94895 	 0.0181029 	 3.0298 	 0.0332917 	 0.413404 	 0.0398925 
24.4 	 1.9514 	 0.0179277 	 3.03522 	 0.0330455 	 0.413825 	 0.0404408 
24.6 	 1.95392 	 0.0177305 	 3.04093 	 0.0328183 	 0.414287 	 0.0409527 
24.8 	 1.95653 	 0.0175914 	 3.0468 	 0.0326286 	 0.414755 	 0.0414498 
25 	 1.95935 	 0.017569 	 3.0525 	 0.0324612 	 0.415104 	 0.0418815 
25.2 	 1.96225 	 0.0176882 	 3.05783 	 0.0323021 	 0.415344 	 0.0421933 
25.4 	 1.96483 	 0.0179565 	 3.06281 	 0.0321669 	 0.415651 	 0.0424577 
25.6 	 1.96671 	 0.01835 	 3.06757 	 0.0320863 	 0.416201 	 0.0427891 
25.8 	 1.96783 	 0.0187881 	 3.07217 	 0.0320923 	 0.417021 	 0.0432102 
26 	 1.96838 	 0.0191522 	 3.07664 	 0.0322168 	 0.41802 	 0.0436636 
26.2 	 1.96853 	 0.0193406 	 3.08109 	 0.032469 	 0.419136 	 0.0440726 
26.4 	 1.96832 	 0.0193078 	 3.08566 	 0.0328146 	 0.420389 	 0.0443552 
26.6 	 1.96777 	 0.019077 	 3.09038 	 0.033183 	 0.421794 	 0.0444277 
26.8 	 1.96708 	 0.0187168 	 3.09506 	 0.0334992 	 0.423245 	 0.0442281 
27 	 1.96664 	 0.0182964 	 3.09957 	 0.0337294 	 0.424551 	 0.0437783 
27.2 	 1.96677 	 0.0178867 	 3.10389 	 0.0338956 	 0.425584 	 0.043222 
27.4 	 1.96757 	 0.0175677 	 3.10809 	 0.034044 	 0.426318 	 0.0427318 
27.6 	 1.96904 	 0.0173874 	 3.1121 	 0.0342113 	 0.426734 	 0.0423957 
27.8 	 1.97108 	 0.0173459 	 3.11578 	 0.0344097 	 0.42684 	 0.0422143 
28 	 1.97334 	 0.0174271 	 3.11917 	 0.0346286 	 0.426784 	 0.0421725 
28.2 	 1.97533 	 0.0176111 	 3.12242 	 0.0348455 	 0.426811 	 0.042287 
28.4 	 1.97674 	 0.0178634 	 3.12572 	 0.0350325 	 0.427096 	 0.042576 
28.6 	 1.97762 	 0.0181401 	 3.1292 	 0.0351667 	 0.427647 	 0.0430095 
28.8 	 1.97828 	 0.0184079 	 3.1329 	 0.0352402 	 0.42835 	 0.0435043 
29 	 1.979 	 0.0186373 	 3.13688 	 0.0352613 	 0.429102 	 0.0439398 
29.2 	 1.97992 	 0.0187861 	 3.14117 	 0.035253 	 0.429849 	 0.0441949 
29.4 	 1.98113 	 0.0188287 	 3.1457 	 0.0352485 	 0.430533 	 0.0441895 
29.6 	 1.98272 	 0.0188109 	 3.15037 	 0.0352744 	 0.431095 	 0.0439314 
29.8 	 1.98468 	 0.0188439 	 3.15506 	 0.0353379 	 0.431517 	 0.0435629 
30 	 1.98681 	 0.0190208 	 3.15963 	 0.0354195 	 0.43185 	 0.0432767 
30.2 	 1.98878 	 0.0193387 	 3.16393 	 0.0354835 	 0.432199 	 0.0431698 
30.4 	 1.99027 	 0.0196919 	 3.16787 	 0.0355115 	 0.432648 	 0.0432345 
30.6 	 1.99127 	 0.019938 	 3.1715 	 0.035511 	 0.433206 	 0.0433948 
30.8 	 1.99196 	 0.0200039 	 3.17495 	 0.0354975 	 0.433818 	 0.0435447 
31 	 1.99254 	 0.0199242 	 3.17837 	 0.0354897 	 0.434444 	 0.0436269 
31.2 	 1.9931 	 0.0197723 	 3.18186 	 0.0355142 	 0.435084 	 0.0436371 
31.4 	 1.99365 	 0.0196011 	 3.18544 	 0.0356016 	 0.435735 	 0.0436127 
31.6 	 1.99431 	 0.0194445 	 3.18904 	 0.0357776 	 0.436339 	 0.0436511 
31.8 	 1.99522 	 0.0193085 	 3.19264 	 0.0360387 	 0.436822 	 0.0438019 
32 	 1.99645 	 0.0191617 	 3.19625 	 0.0363419 	 0.437172 	 0.0439721 
32.2 	 1.9979 	 0.0189671 	 3.19992 	 0.0366356 	 0.437445 	 0.0440144 
32.4 	 1.99945 	 0.0187209 	 3.2036 	 0.0368866 	 0.437691 	 0.0438336 
32.6 	 2.00105 	 0.018457 	 3.20722 	 0.0370845 	 0.437912 	 0.0434257 
32.8 	 2.0027 	 0.0182254 	 3.21069 	 0.0372413 	 0.438096 	 0.0428977 
33 	 2.00436 	 0.0180643 	 3.21406 	 0.0373785 	 0.43826 	 0.0423964 
33.2 	 2.00596 	 0.0179754 	 3.2174 	 0.0375117 	 0.438445 	 0.0419961 
33.4 	 2.00747 	 0.01793 	 3.22075 	 0.0376607 	 0.438667 	 0.0417256 
33.6 	 2.00885 	 0.0179161 	 3.22417 	 0.0378588 	 0.438948 	 0.0416496 
33.8 	 2.01001 	 0.017964 	 3.22763 	 0.0381241 	 0.439313 	 0.0418213 
34 	 2.01102 	 0.0181111 	 3.23109 	 0.0384282 	 0.439739 	 0.0421706 
34.2 	 2.01207 	 0.0183704 	 3.23444 	 0.0387141 	 0.440143 	 0.042528 
34.4 	 2.01331 	 0.0187591 	 3.23765 	 0.0389492 	 0.440455 	 0.0428174 
34.6 	 2.01473 	 0.0193118 	 3.2408 	 0.0391392 	 0.440711 	 0.0431454 
34.8 	 2.01612 	 0.0200274 	 3.24401 	 0.0393015 	 0.441016 	 0.0436636 
35 	 2.01733 	 0.0208094 	 3.24735 	 0.0394495 	 0.44143 	 0.0443972 
35.2 	 2.01833 	 0.0214947 	 3.25079 	 0.0395843 	 0.441935 	 0.0452181 
35.4 	 2.01913 	 0.0219575 	 3.25431 	 0.0396794 	 0.442517 	 0.0459689 
35.6 	 2.01971 	 0.0221779 	 3.25784 	 0.0396943 	 0.443156 	 0.0465921 
35.8 	 2.02024 	 0.0222366 	 3.26116 	 0.0396094 	 0.443755 	 0.0471089 
36 	 2.02095 	 0.0222376 	 3.26411 	 0.0394406 	 0.444194 	 0.0475024 
36.2 	 2.02195 	 0.0222204 	 3.26671 	 0.0392319 	 0.444446 	 0.0477228 
36.4 	 2.02311 	 0.0221747 	 3.26925 	 0.0390309 	 0.44462 	 0.047799 
36.6 	 2.02417 	 0.0220923 	 3.27201 	 0.0388553 	 0.444891 	 0.0477953 
36.8 	 2.02491 	 0.0219612 	 3.27505 	 0.0386926 	 0.445348 	 0.0476746 
37 	 2.02537 	 0.0217702 	 3.27819 	 0.0385358 	 0.445944 	 0.0473471 
37.2 	 2.02565 	 0.0215444 	 3.28124 	 0.0384008 	 0.446596 	 0.0468252 
37.4 	 2.02582 	 0.0213351 	 3.28419 	 0.0383038 	 0.447266 	 0.0462178 
37.6 	 2.02592 	 0.0211721 	 3.28709 	 0.0382498 	 0.44795 	 0.0456323 
37.8 	 2.02608 	 0.0210324 	 3.28995 	 0.0382563 	 0.448594 	 0.0451373 
38 	 2.0265 	 0.0208665 	 3.29273 	 0.0383523 	 0.449091 	 0.0447586 
38.2 	 2.02724 	 0.0206555 	 3.2953 	 0.038534 	 0.449388 	 0.0444775 
38.4 	 2.02809 	 0.0204195 	 3.29763 	 0.0387404 	 0.449575 	 0.0442098 
38.6 	 2.02864 	 0.0201967 	 3.29977 	 0.0388859 	 0.449843 	 0.0438218 
38.8 	 2.02868 	 0.020036 	 3.30196 	 0.038922 	 0.450353 	 0.0432474 
39 	 2.02838 	 0.0199781 	 3.30445 	 0.0388661 	 0.451098 	 0.0425683 
39.2 	 2.02824 	 0.0200366 	 3.3074 	 0.0387604 	 0.451911 	 0.0419262 
39.4 	 2.02867 	 0.0201858 	 3.31072 	 0.0386255 	 0.452598 	 0.0413974 
39.6 	 2.0298 	 0.0203473 	 3.31417 	 0.038478 	 0.453043 	 0.0409953 
39.8 	 2.03138 	 0.0204398 	 3.31751 	 0.038352 	 0.45327 	 0.0407088 
40 	 2.033 	 0.0204574 	 3.32071 	 0.0382795 	 0.453425 	 0.040521 
40.2 	 2.03436 	 0.0204412 	 3.3238 	 0.0382784 	 0.453639 	 0.0404207 
40.4 	 2.03548 	 0.0204058 	 3.32683 	 0.0383522 	 0.453919 	 0.0403899 
40.6 	 2.03656 	 0.020362 	 3.32971 	 0.0384885 	 0.454168 	 0.0404308 
40.8 	 2.03781 	 0.0203597 	 3.33234 	 0.0386644 	 0.454287 	 0.0405894 
41 	 2.03925 	 0.0204473 	 3.33474 	 0.0388458 	 0.454282 	 0.0408711 
41.2 	 2.04071 	 0.020621 	 3.33715 	 0.0389904 	 0.45429 	 0.0411995 
41.4 	 2.04199 	 0.0208368 	 3.33985 	 0.0390689 	 0.454446 	 0.0414905 
41.6 	 2.0431 	 0.021047 	 3.34294 	 0.0390852 	 0.454776 	 0.0417111 
41.8 	 2.04416 	 0.0212068 	 3.34636 	 0.0390817 	 0.455202 	 0.0418911 
42 	 2.04525 	 0.0212628 	 3.34999 	 0.0391197 	 0.455636 	 0.0420707 
42.2 	 2.04639 	 0.0211656 	 3.35367 	 0.0392368 	 0.456033 	 0.0422159 
42.4 	 2.04757 	 0.0208973 	 3.35726 	 0.0394189 	 0.456361 	 0.0422225 
42.6 	 2.04879 	 0.020509 	 3.36064 	 0.0396078 	 0.456614 	 0.0420532 
42.8 	 2.04993 	 0.0201179 	 3.36375 	 0.0397357 	 0.456845 	 0.0418164 
43 	 2.0509 	 0.0198143 	 3.36652 	 0.0397654 	 0.457082 	 0.0416516 
43.2 	 2.05174 	 0.0196042 	 3.36889 	 0.0397034 	 0.457293 	 0.0416048 
43.4 	 2.05245 	 0.0194699 	 3.37093 	 0.0395815 	 0.457492 	 0.0416401 
43.6 	 2.05294 	 0.0194146 	 3.37278 	 0.0394398 	 0.457741 	 0.0417182 
43.8 	 2.05326 	 0.0194205 	 3.37466 	 0.0393144 	 0.45807 	 0.0418169 
44 	 2.05346 	 0.0194232 	 3.37677 	 0.039219 	 0.458496 	 0.041891 
44.2 	 2.0536 	 0.019354 	 3.37925 	 0.0391417 	 0.459023 	 0.0418616 
44.4 	 2.05379 	 0.0191792 	 3.3821 	 0.0390685 	 0.459606 	 0.0416581 
44.6 	 2.05413 	 0.018914 	 3.38522 	 0.0390082 	 0.460188 	 0.0413001 
44.8 	 2.05461 	 0.0186223 	 3.38841 	 0.0389889 	 0.460727 	 0.0409278 
45 	 2.05519 	 0.0183774 	 3.39149 	 0.039023 	 0.461191 	 0.0406591 
45.2 	 2.0559 	 0.0182205 	 3.39434 	 0.0390866 	 0.461559 	 0.0404568 
45.4 	 2.0567 	 0.018164 	 3.39697 	 0.0391469 	 0.461855 	 0.0402183 
45.6 	 2.0575 	 0.0181956 	 3.39947 	 0.0391949 	 0.462137 	 0.0399147 
45.8 	 2.05822 	 0.0182607 	 3.40194 	 0.039238 	 0.462449 	 0.0395948 
46 	 2.05887 	 0.0182854 	 3.40441 	 0.0392727 	 0.462781 	 0.0393286 
46.2 	 2.05946 	 0.0182365 	 3.40687 	 0.0392826 	 0.463122 	 0.0391846 
46.4 	 2.05996 	 0.0181316 	 3.40928 	 0.0392582 	 0.463475 	 0.03921 
46.6 	 2.06044 	 0.0179929 	 3.41156 	 0.0392021 	 0.463803 	 0.03936 
46.8 	 2.061 	 0.0178234 	 3.41364 	 0.0391309 	 0.464049 	 0.0394982 
47 	 2.06163 	 0.0176148 	 3.41546 	 0.0390828 	 0.464206 	 0.0395334 
47.2 	 2.06219 	 0.0173672 	 3.41711 	 0.0390922 	 0.464343 	 0.0394639 
47.4 	 2.06247 	 0.0171145 	 3.4187 	 0.0391525 	 0.464574 	 0.0392896 
47.6 	 2.06237 	 0.0169232 	 3.42027 	 0.0392356 	 0.464952 	 0.0390053 
47.8 	 2.06198 	 0.0168496 	 3.42173 	 0.0393313 	 0.465429 	 0.0386481 
48 	 2.06139 	 0.0169121 	 3.42302 	 0.0394446 	 0.465958 	 0.0383015 
48.2 	 2.0606 	 0.0171062 	 3.42422 	 0.0395755 	 0.46655 	 0.0380817 
48.4 	 2.05969 	 0.0174169 	 3.42551 	 0.0397118 	 0.46721 	 0.0380828 
48.6 	 2.05886 	 0.0178048 	 3.42699 	 0.0398409 	 0.467886 	 0.0383022 
48.8 	 2.05828 	 0.0182081 	 3.4287 	 0.0399664 	 0.468517 	 0.0386602 
49 	 2.05799 	 0.0185787 	 3.43067 	 0.0401046 	 0.469088 	 0.0390821 
49.2 	 2.05802 	 0.0188964 	 3.43289 	 0.0402651 	 0.469586 	 0.0395266 
49.4 	 2.05848 	 0.0191501 	 3.43539 	 0.0404418 	 0.469975 	 0.0399604 
49.6 	 2.05934 	 0.0193395 	 3.43821 	 0.0406264 	 0.470282 	 0.0403686 
49.8 	 2.06026 	 0.0194817 	 3.44135 	 0.0408214 	 0.470629 	 0.0407688 
50 	 2.06091 	 0.0195893 	 3.44471 	 0.0410317 	 0.471125 	 0.0411579 
50.2 	 2.06115 	 0.0196603 	 3.44815 	 0.0412483 	 0.471786 	 0.0414713 
50.4 	 2.0611 	 0.0196944 	 3.45159 	 0.0414544 	 0.472559 	 0.0416452 
50.6 	 2.06106 	 0.019701 	 3.45506 	 0.0416444 	 0.473336 	 0.0416873 
50.8 	 2.06145 	 0.019681 	 3.45851 	 0.0418315 	 0.47395 	 0.0416404 
51 	 2.06253 	 0.0196209 	 3.4618 	 0.0420437 	 0.474259 	 0.041538 
51.2 	 2.06419 	 0.0195379 	 3.46486 	 0.0423077 	 0.474288 	 0.0414615 
51.4 	 2.06601 	 0.019499 	 3.46779 	 0.042625 	 0.474221 	 0.041564 
51.6 	 2.06765 	 0.0195522 	 3.47072 	 0.0429652 	 0.474218 	 0.04194 
51.8 	 2.06906 	 0.0196724 	 3.47371 	 0.0432774 	 0.474315 	 0.042502 
52 	 2.07033 	 0.0197964 	 3.47668 	 0.0435132 	 0.47447 	 0.043037 
52.2 	 2.07159 	 0.0198802 	 3.47952 	 0.0436564 	 0.474609 	 0.0433768 
52.4 	 2.07302 	 0.0199265 	 3.48216 	 0.0437303 	 0.474655 	 0.0434836 
52.6 	 2.07478 	 0.0199647 	 3.48453 	 0.0437672 	 0.474532 	 0.0433757 
52.8 	 2.07697 	 0.019998 	 3.48656 	 0.0437907 	 0.474186 	 0.0430564 
53 	 2.0795 	 0.0199908 	 3.48827 	 0.0438271 	 0.473644 	 0.0425766 
53.2 	 2.08211 	 0.0199136 	 3.48984 	 0.0438978 	 0.473025 	 0.0420714 
53.4 	 2.0846 	 0.0197699 	 3.49142 	 0.043992 	 0.472443 	 0.0416566 
53.6 	 2.08695 	 0.0195761 	 3.49303 	 0.0440698 	 0.471906 	 0.0413308 
53.8 	 2.08924 	 0.0193439 	 3.49458 	 0.0440971 	 0.471379 	 0.0410152 
54 	 2.09136 	 0.0190993 	 3.49613 	 0.0440717 	 0.470922 	 0.0406669 
54.2 	 2.09301 	 0.0188942 	 3.49789 	 0.0440258 	 0.470694 	 0.0403169 
54.4 	 2.09401 	 0.0187749 	 3.50003 	 0.0440076 	 0.470799 	 0.0400249 
54.6 	 2.09435 	 0.0187489 	 3.50251 	 0.0440517 	 0.47122 	 0.0398284 
54.8 	 2.09412 	 0.0187975 	 3.50514 	 0.0441548 	 0.47189 	 0.0397451 
55 	 2.09339 	 0.0189114 	 3.50773 	 0.0442829 	 0.472729 	 0.0398314 
55.2 	 2.09241 	 0.0191053 	 3.51015 	 0.0444046 	 0.473618 	 0.0401963 
55.4 	 2.09156 	 0.0193969 	 3.5124 	 0.0445146 	 0.47442 	 0.0409102 
55.6 	 2.09109 	 0.0197603 	 3.51452 	 0.044625 	 0.475044 	 0.0418914 
55.8 	 2.09103 	 0.0201095 	 3.51658 	 0.0447424 	 0.475498 	 0.0429117 
56 	 2.09119 	 0.0203613 	 3.51868 	 0.044867 	 0.475872 	 0.0437631 
56.2 	 2.09139 	 0.0205114 	 3.52095 	 0.0449984 	 0.476269 	 0.044397 
56.4 	 2.09156 	 0.0206164 	 3.52348 	 0.0451198 	 0.476734 	 0.0448553 
56.6 	 2.0918 	 0.020706 	 3.52628 	 0.0451875 	 0.477251 	 0.0451246 
56.8 	 2.09213 	 0.020754 	 3.52933 	 0.0451602 	 0.477801 	 0.0451428 
57 	 2.09245 	 0.0207426 	 3.53258 	 0.0450359 	 0.478412 	 0.0449247 
57.2 	 2.09267 	 0.0207037 	 3.53595 	 0.0448566 	 0.479092 	 0.0445968 
57.4 	 2.09288 	 0.0206943 	 3.53928 	 0.0446793 	 0.47977 	 0.0443168 
57.6 	 2.09325 	 0.0207561 	 3.5424 	 0.0445438 	 0.480344 	 0.0441951 
57.8 	 2.09394 	 0.0208841 	 3.54524 	 0.0444655 	 0.480728 	 0.0442615 
58 	 2.09503 	 0.0210252 	 3.54778 	 0.044452 	 0.480891 	 0.0444576 
58.2 	 2.09642 	 0.0211226 	 3.55007 	 0.0445122 	 0.480878 	 0.0446743 
58.4 	 2.09792 	 0.021156 	 3.55223 	 0.044641 	 0.480784 	 0.04481 
58.6 	 2.09932 	 0.0211242 	 3.55435 	 0.0448103 	 0.480711 	 0.0447934 
58.8 	 2.10044 	 0.0210109 	 3.55648 	 0.0449913 	 0.480743 	 0.0445917 
59 	 2.10115 	 0.0207925 	 3.55858 	 0.0451689 	 0.480913 	 0.0442218 
59.2 	 2.10145 	 0.0204894 	 3.56066 	 0.0453169 	 0.481225 	 0.0437383 
59.4 	 2.10142 	 0.020186 	 3.56275 	 0.0453881 	 0.481673 	 0.0432081 
59.6 	 2.10118 	 0.0199749 	 3.56489 	 0.0453557 	 0.482231 	 0.0426961 
59.8 	 2.10086 	 0.0198909 	 3.56707 	 0.0452499 	 0.482846 	 0.042252 
60 	 2.10057 	 0.0199078 	 3.56931 	 0.045143 	 0.48347 	 0.0419056 
60.2 	 2.10035 	 0.0199934 	 3.57167 	 0.0451019 	 0.484085 	 0.0416735 
60.4 	 2.10028 	 0.0201457 	 3.57419 	 0.0451544 	 0.484675 	 0.0415543 
60.6 	 2.10038 	 0.0203531 	 3.57679 	 0.0452957 	 0.48521 	 0.041502 
60.8 	 2.10065 	 0.0205543 	 3.57934 	 0.0455029 	 0.485671 	 0.0414056 
61 	 2.10101 	 0.0206905 	 3.58167 	 0.0457379 	 0.486044 	 0.0411606 
61.2 	 2.10148 	 0.0207824 	 3.58365 	 0.0459653 	 0.486305 	 0.0408257 
61.4 	 2.10199 	 0.0209106 	 3.58526 	 0.046172 	 0.486473 	 0.0406188 
61.6 	 2.10236 	 0.0211221 	 3.58666 	 0.0463546 	 0.486645 	 0.0406873 
61.8 	 2.10245 	 0.0213858 	 3.5881 	 0.046504 	 0.486928 	 0.040972 
62 	 2.10231 	 0.0216402 	 3.58974 	 0.0466088 	 0.487337 	 0.0413369 
62.2 	 2.10219 	 0.0218417 	 3.59161 	 0.0466697 	 0.487782 	 0.0417362 
62.4 	 2.10236 	 0.0219656 	 3.5937 	 0.0467 	 0.488156 	 0.0421924 
62.6 	 2.10289 	 0.0220078 	 3.596 	 0.0467093 	 0.488437 	 0.0426683 
62.8 	 2.10365 	 0.0219771 	 3.59853 	 0.0467072 	 0.488671 	 0.0430523 
63 	 2.10456 	 0.0218693 	 3.60119 	 0.0467162 	 0.48888 	 0.0432511 
63.2 	 2.10558 	 0.0216878 	 3.6038 	 0.0467537 	 0.489032 	 0.0432524 
63.4 	 2.10674 	 0.0214879 	 3.60617 	 0.0468083 	 0.489086 	 0.043127 
63.6 	 2.10799 	 0.0213606 	 3.60827 	 0.0468525 	 0.489066 	 0.0429841 
63.8 	 2.10911 	 0.0213732 	 3.61021 	 0.0468659 	 0.489076 	 0.0428852 
64 	 2.10993 	 0.0215389 	 3.61205 	 0.0468459 	 0.489199 	 0.0428162 
64.2 	 2.11053 	 0.0218268 	 3.61374 	 0.0468048 	 0.48939 	 0.0427574 
64.4 	 2.11111 	 0.0221848 	 3.6152 	 0.046756 	 0.489544 	 0.0427448 
64.6 	 2.11177 	 0.0225501 	 3.61644 	 0.0467081 	 0.489623 	 0.0428289 
64.8 	 2.11234 	 0.0228661 	 3.61761 	 0.0466797 	 0.489706 	 0.0430126 
65 	 2.11257 	 0.0231196 	 3.61885 	 0.0467071 	 0.489904 	 0.0432738 
65.2 	 2.1124 	 0.0233494 	 3.62023 	 0.0468192 	 0.490263 	 0.0436052 
65.4 	 2.11197 	 0.0235994 	 3.62179 	 0.0470037 	 0.490743 	 0.0439803 
65.6 	 2.11159 	 0.0238581 	 3.62352 	 0.0472104 	 0.491241 	 0.0443108 
65.8 	 2.1116 	 0.024068 	 3.62535 	 0.0473888 	 0.491623 	 0.0444832 
66 	 2.11216 	 0.0241874 	 3.62718 	 0.0475183 	 0.491814 	 0.0444274 
66.2 	 2.11321 	 0.0242198 	 3.62897 	 0.0476137 	 0.491826 	 0.044149 
66.4 	 2.1146 	 0.0241818 	 3.63068 	 0.0477104 	 0.491696 	 0.0437062 
66.6 	 2.11626 	 0.0240641 	 3.63228 	 0.0478357 	 0.491443 	 0.0431307 
66.8 	 2.1181 	 0.023851 	 3.6338 	 0.0479897 	 0.491094 	 0.042418 
67 	 2.12004 	 0.0235678 	 3.63527 	 0.0481538 	 0.490693 	 0.0416155 
67.2 	 2.1219 	 0.0232664 	 3.63676 	 0.0483086 	 0.49032 	 0.0408259 
67.4 	 2.12345 	 0.0229829 	 3.63831 	 0.0484372 	 0.490067 	 0.04011 
67.6 	 2.12456 	 0.0227389 	 3.63989 	 0.0485279 	 0.489983 	 0.0394825 
67.8 	 2.12523 	 0.0225646 	 3.64143 	 0.0485863 	 0.490056 	 0.0390136 
68 	 2.12553 	 0.0224907 	 3.64286 	 0.0486324 	 0.490237 	 0.0388388 
68.2 	 2.12563 	 0.0225147 	 3.64409 	 0.0486818 	 0.490449 	 0.0390087 
68.4 	 2.12575 	 0.0225954 	 3.64507 	 0.0487389 	 0.490597 	 0.0394006 
68.6 	 2.12606 	 0.0226859 	 3.64579 	 0.0488146 	 0.490621 	 0.0398447 
68.8 	 2.12661 	 0.0227624 	 3.6463 	 0.0489301 	 0.49051 	 0.040276 
69 	 2.12741 	 0.0228322 	 3.64672 	 0.0490877 	 0.490287 	 0.04072 
69.2 	 2.12838 	 0.0229 	 3.64724 	 0.0492539 	 0.490022 	 0.0411771 
69.4 	 2.12938 	 0.0229282 	 3.648 	 0.0493875 	 0.489797 	 0.0415645 
69.6 	 2.13025 	 0.0228746 	 3.64901 	 0.049474 	 0.489671 	 0.0417921 
69.8 	 2.13092 	 0.0227672 	 3.65013 	 0.0495244 	 0.489644 	 0.0418746 
70 	 2.13142 	 0.0226978 	 3.65114 	 0.0495514 	 0.489665 	 0.0419145 
70.2 	 2.13187 	 0.0227368 	 3.65191 	 0.0495559 	 0.489673 	 0.0419743 
70.4 	 2.1324 	 0.022869 	 3.65239 	 0.0495387 	 0.48961 	 0.0420052 
70.6 	 2.13315 	 0.0230217 	 3.65266 	 0.0495145 	 0.489436 	 0.0419099 
70.8 	 2.13417 	 0.023148 	 3.65286 	 0.0495064 	 0.489151 	 0.0416551 
71 	 2.13541 	 0.0232644 	 3.65314 	 0.0495369 	 0.488801 	 0.0413177 
71.2 	 2.13674 	 0.0234076 	 3.65361 	 0.0496272 	 0.488453 	 0.0410263 
71.4 	 2.13805 	 0.0235682 	 3.65432 	 0.0497926 	 0.488154 	 0.0408662 
71.6 	 2.13919 	 0.0236809 	 3.65535 	 0.0500324 	 0.487954 	 0.040842 
71.8 	 2.14001 	 0.0237052 	 3.65678 	 0.0503224 	 0.48793 	 0.0409355 
72 	 2.1404 	 0.0236816 	 3.65865 	 0.0506217 	 0.488136 	 0.0411661 
72.2 	 2.14042 	 0.0236707 	 3.66083 	 0.0508954 	 0.48853 	 0.0415502 
72.4 	 2.14023 	 0.0236893 	 3.66313 	 0.0511253 	 0.489031 	 0.0420488 
72.6 	 2.13987 	 0.0237387 	 3.66543 	 0.051301 	 0.489596 	 0.0425989 
72.8 	 2.13931 	 0.0238476 	 3.66758 	 0.0514054 	 0.490215 	 0.043134 
73 	 2.13861 	 0.0240519 	 3.66937 	 0.0514184 	 0.49084 	 0.0435545 
73.2 	 2.13794 	 0.0243421 	 3.67068 	 0.0513505 	 0.491386 	 0.0437607 
73.4 	 2.13746 	 0.0246539 	 3.67157 	 0.0512629 	 0.491794 	 0.0437355 
73.6 	 2.13722 	 0.024914 	 3.67235 	 0.0512277 	 0.492088 	 0.0435617 
73.8 	 2.13711 	 0.025077 	 3.67334 	 0.0512689 	 0.492362 	 0.0433526 
74 	 2.13694 	 0.0251217 	 3.67478 	 0.0513533 	 0.492722 	 0.0431908 
74.2 	 2.13663 	 0.0250474 	 3.67672 	 0.0514328 	 0.493216 	 0.0431503 
74.4 	 2.13628 	 0.0248784 	 3.67903 	 0.0514831 	 0.493779 	 0.0433215 
74.6 	 2.13612 	 0.0246621 	 3.68143 	 0.0515084 	 0.494271 	 0.04378 
74.8 	 2.13637 	 0.0244541 	 3.68364 	 0.0515258 	 0.49457 	 0.0445328 
75 	 2.13699 	 0.0242798 	 3.6855 	 0.0515486 	 0.494659 	 0.0454737 
75.2 	 2.13773 	 0.0241051 	 3.687 	 0.0515832 	 0.494624 	 0.0464046 
75.4 	 2.13832 	 0.0238729 	 3.68815 	 0.0516277 	 0.49457 	 0.0471335 
75.6 	 2.13868 	 0.023563 	 3.689 	 0.0516655 	 0.494542 	 0.0475412 
75.8 	 2.1388 	 0.0232062 	 3.68963 	 0.051666 	 0.494571 	 0.0475751 
76 	 2.13866 	 0.0228697 	 3.6902 	 0.0516009 	 0.494711 	 0.0472656 
76.2 	 2.13826 	 0.0226326 	 3.69083 	 0.0514654 	 0.494987 	 0.0467719 
76.4 	 2.13776 	 0.0225378 	 3.69152 	 0.0512826 	 0.495336 	 0.0463229 
76.6 	 2.13737 	 0.0225508 	 3.69215 	 0.0510891 	 0.495637 	 0.0460498 
76.8 	 2.13731 	 0.022577 	 3.69262 	 0.0509224 	 0.495784 	 0.0459139 
77 	 2.13759 	 0.0225291 	 3.69299 	 0.0508115 	 0.495769 	 0.0458136 
77.2 	 2.13811 	 0.0223818 	 3.69345 	 0.0507596 	 0.495669 	 0.0456909 
77.4 	 2.13873 	 0.0221828 	 3.69418 	 0.0507371 	 0.495585 	 0.0455227 
77.6 	 2.13938 	 0.0220074 	 3.69528 	 0.0507103 	 0.495572 	 0.0453018 
77.8 	 2.14013 	 0.0218896 	 3.69672 	 0.050671 	 0.495605 	 0.0450518 
78 	 2.14106 	 0.0218203 	 3.69843 	 0.0506231 	 0.495636 	 0.0448227 
78.2 	 2.14212 	 0.0218005 	 3.70037 	 0.0505625 	 0.49567 	 0.0446768 
78.4 	 2.14317 	 0.0218358 	 3.70249 	 0.0504887 	 0.495746 	 0.0446423 
78.6 	 2.14412 	 0.0218893 	 3.70469 	 0.0504208 	 0.495874 	 0.0446518 
78.8 	 2.14492 	 0.0218994 	 3.70684 	 0.0503926 	 0.496038 	 0.0445973 
79 	 2.14566 	 0.0218337 	 3.70886 	 0.0504419 	 0.496183 	 0.0444615 
79.2 	 2.14654 	 0.0217182 	 3.7106 	 0.0506017 	 0.496204 	 0.0443477 
79.4 	 2.14771 	 0.0216301 	 3.71197 	 0.0508731 	 0.49603 	 0.0443662 
79.6 	 2.14909 	 0.0216496 	 3.71297 	 0.0511955 	 0.495712 	 0.0445013 
79.8 	 2.15043 	 0.0218083 	 3.71369 	 0.0514636 	 0.495378 	 0.0446173 
80 	 2.15154 	 0.0220716 	 3.71423 	 0.051602 	 0.49512 	 0.0445893 
80.2 	 2.15245 	 0.0223626 	 3.71467 	 0.0516231 	 0.494938 	 0.0444105 
80.4 	 2.15322 	 0.0226243 	 3.71511 	 0.0516004 	 0.494808 	 0.0441895 
80.6 	 2.15391 	 0.0228461 	 3.7157 	 0.051599 	 0.494726 	 0.0440632 
80.8 	 2.15457 	 0.023025 	 3.7165 	 0.0516437 	 0.494674 	 0.0441046 
81 	 2.15531 	 0.0231443 	 3.71749 	 0.0517229 	 0.494608 	 0.0443056 
81.2 	 2.15617 	 0.0232024 	 3.7186 	 0.0518015 	 0.494514 	 0.0446256 
81.4 	 2.15697 	 0.0232263 	 3.71985 	 0.0518469 	 0.494457 	 0.0450334 
81.6 	 2.15746 	 0.0232355 	 3.72125 	 0.0518527 	 0.494539 	 0.0455047 
81.8 	 2.15745 	 0.0232101 	 3.72278 	 0.051835 	 0.49482 	 0.0459837 
82 	 2.15694 	 0.023114 	 3.72434 	 0.0518106 	 0.495275 	 0.0463728 
82.2 	 2.15617 	 0.0229395 	 3.72586 	 0.0517899 	 0.495813 	 0.0465934 
82.4 	 2.15543 	 0.0227223 	 3.72733 	 0.0517759 	 0.496336 	 0.0466314 
82.6 	 2.15488 	 0.0225212 	 3.72886 	 0.0517589 	 0.496814 	 0.0465178 
82.8 	 2.1545 	 0.0223719 	 3.73052 	 0.0517285 	 0.497276 	 0.0463093 
83 	 2.15416 	 0.0222508 	 3.73229 	 0.0516948 	 0.497757 	 0.0460689 
83.2 	 2.15378 	 0.0220981 	 3.73415 	 0.0516793 	 0.498263 	 0.0458181 
83.4 	 2.15338 	 0.0218812 	 3.73606 	 0.0516872 	 0.49878 	 0.0455278 
83.6 	 2.15299 	 0.0216214 	 3.73797 	 0.0517001 	 0.499293 	 0.0451568 
83.8 	 2.15261 	 0.0213697 	 3.73985 	 0.0516994 	 0.499802 	 0.0447016 
84 	 2.15225 	 0.0211735 	 3.74162 	 0.0516898 	 0.500292 	 0.0442334 
84.2 	 2.15198 	 0.021055 	 3.74317 	 0.0516951 	 0.500706 	 0.0438736 
84.4 	 2.15185 	 0.0210058 	 3.74437 	 0.0517326 	 0.500991 	 0.0437154 
84.6 	 2.15184 	 0.0210035 	 3.74521 	 0.0517968 	 0.501154 	 0.0437702 
84.8 	 2.15184 	 0.0210401 	 3.74579 	 0.0518623 	 0.501252 	 0.0439703 
85 	 2.15184 	 0.0211209 	 3.74622 	 0.0519025 	 0.501327 	 0.0442022 
85.2 	 2.15198 	 0.0212405 	 3.74654 	 0.0519078 	 0.501347 	 0.0443568 
85.4 	 2.1524 	 0.0213714 	 3.74673 	 0.0518889 	 0.501258 	 0.0443689 
85.6 	 2.1531 	 0.0214765 	 3.74681 	 0.0518668 	 0.501057 	 0.0442251 
85.8 	 2.1539 	 0.0215381 	 3.74684 	 0.051864 	 0.50081 	 0.0439589 
86 	 2.15458 	 0.021564 	 3.74691 	 0.0518974 	 0.500611 	 0.0436332 
86.2 	 2.155 	 0.0215719 	 3.74704 	 0.0519694 	 0.500502 	 0.0433137 
86.4 	 2.15522 	 0.021596 	 3.74724 	 0.0520604 	 0.500473 	 0.0430552 
86.6 	 2.15533 	 0.0216854 	 3.74759 	 0.0521422 	 0.500519 	 0.0428868 
86.8 	 2.15535 	 0.0218723 	 3.74819 	 0.0522069 	 0.500656 	 0.0428093 
87 	 2.15536 	 0.0221462 	 3.74904 	 0.0522767 	 0.500855 	 0.0428102 
87.2 	 2.15542 	 0.0224546 	 3.75003 	 0.0523761 	 0.501063 	 0.0428576 
87.4 	 2.15547 	 0.0227223 	 3.75112 	 0.0525087 	 0.501284 	 0.0429124 
87.6 	 2.15535 	 0.0228826 	 3.75242 	 0.052658 	 0.50159 	 0.0429631 
87.8 	 2.155 	 0.0229053 	 3.75401 	 0.0527934 	 0.502017 	 0.043009 
88 	 2.15453 	 0.0228052 	 3.75589 	 0.0528786 	 0.502528 	 0.0430373 
88.2 	 2.15411 	 0.0226293 	 3.758 	 0.0528932 	 0.503067 	 0.043059 
88.4 	 2.15382 	 0.0224411 	 3.76026 	 0.0528465 	 0.50359 	 0.0431325 
88.6 	 2.15371 	 0.0222989 	 3.76254 	 0.0527716 	 0.504062 	 0.0433038 
88.8 	 2.15372 	 0.0222186 	 3.76466 	 0.0527118 	 0.504458 	 0.0435354 
89 	 2.15378 	 0.022171 	 3.76637 	 0.0527008 	 0.504761 	 0.0437299 
89.2 	 2.15382 	 0.022125 	 3.76759 	 0.0527483 	 0.504975 	 0.0438249 
89.4 	 2.15377 	 0.0220802 	 3.76844 	 0.0528348 	 0.505144 	 0.043834 
89.6 	 2.15364 	 0.0220774 	 3.76922 	 0.052918 	 0.505337 	 0.0438189 
89.8 	 2.15352 	 0.0221779 	 3.77019 	 0.052962 	 0.505578 	 0.0438648 
90 	 2.15364 	 0.0223879 	 3.7714 	 0.0529674 	 0.505794 	 0.0440236 
90.2 	 2.15423 	 0.0226258 	 3.7727 	 0.0529568 	 0.505872 	 0.044245 
90.4 	 2.15527 	 0.0227972 	 3.77397 	 0.0529375 	 0.505781 	 0.0444281 
90.6 	 2.15655 	 0.0228793 	 3.77518 	 0.0528885 	 0.505591 	 0.044526 
90.8 	 2.15784 	 0.0229126 	 3.77642 	 0.0527794 	 0.505406 	 0.0445427 
91 	 2.15896 	 0.0229407 	 3.77776 	 0.0526014 	 0.50531 	 0.0444947 
91.2 	 2.15981 	 0.0229852 	 3.77934 	 0.052381 	 0.505365 	 0.0444128 
91.4 	 2.16034 	 0.0230521 	 3.78131 	 0.0521639 	 0.505612 	 0.0443377 
91.6 	 2.16049 	 0.0231353 	 3.78364 	 0.0519904 	 0.506053 	 0.0442907 
91.8 	 2.16028 	 0.0232144 	 3.78608 	 0.0518826 	 0.506629 	 0.0442554 
92 	 2.15984 	 0.023254 	 3.78825 	 0.0518496 	 0.507218 	 0.0442112 
92.2 	 2.15941 	 0.0232106 	 3.78987 	 0.0518946 	 0.507676 	 0.0441699 
92.4 	 2.15926 	 0.0230499 	 3.79083 	 0.0520047 	 0.507883 	 0.0441421 
92.6 	 2.15953 	 0.0227688 	 3.79119 	 0.0521451 	 0.507804 	 0.0441054 
92.8 	 2.16016 	 0.0224022 	 3.79118 	 0.0522743 	 0.507523 	 0.0440301 
93 	 2.16084 	 0.0219982 	 3.79108 	 0.0523659 	 0.507209 	 0.0439161 
93.2 	 2.16127 	 0.021595 	 3.79114 	 0.0524186 	 0.507016 	 0.0438038 
93.4 	 2.16136 	 0.0212308 	 3.79139 	 0.0524446 	 0.506986 	 0.0437389 
93.6 	 2.16123 	 0.0209568 	 3.79176 	 0.0524573 	 0.507062 	 0.0437405 
93.8 	 2.16108 	 0.0208178 	 3.79224 	 0.0524708 	 0.507185 	 0.0437971 
94 	 2.16096 	 0.0208286 	 3.79298 	 0.0524967 	 0.507367 	 0.0438712 
94.2 	 2.16087 	 0.0209746 	 3.79405 	 0.0525371 	 0.507621 	 0.0439183 
94.4 	 2.16086 	 0.0212267 	 3.79532 	 0.0525803 	 0.507904 	 0.0439138 
94.6 	 2.16096 	 0.0215488 	 3.7966 	 0.0526027 	 0.508166 	 0.043857 
94.8 	 2.1611 	 0.0219019 	 3.79775 	 0.0525869 	 0.508399 	 0.0437832 
95 	 2.16116 	 0.0222408 	 3.79874 	 0.0525363 	 0.508623 	 0.0437559 
95.2 	 2.16105 	 0.0225184 	 3.79956 	 0.0524705 	 0.508863 	 0.0438157 
95.4 	 2.16065 	 0.0227078 	 3.80018 	 0.0524086 	 0.509148 	 0.0439475 
95.6 	 2.15991 	 0.022799 	 3.8005 	 0.0523565 	 0.509476 	 0.0440822 
95.8 	 2.1589 	 0.0227868 	 3.80054 	 0.052311 	 0.509829 	 0.0441494 
96 	 2.15773 	 0.0226907 	 3.80047 	 0.0522719 	 0.510208 	 0.0441458 
96.2 	 2.15659 	 0.022562 	 3.80059 	 0.0522441 	 0.510605 	 0.0441234 
96.4 	 2.15578 	 0.0224442 	 3.8011 	 0.0522315 	 0.510967 	 0.0441085 
96.6 	 2.15554 	 0.0223318 	 3.80208 	 0.0522335 	 0.51123 	 0.044063 
96.8 	 2.15586 	 0.0221866 	 3.80351 	 0.0522458 	 0.511384 	 0.043941 
97 	 2.15654 	 0.0219967 	 3.80526 	 0.0522613 	 0.511477 	 0.0437624 
97.2 	 2.15734 	 0.0218011 	 3.80715 	 0.0522742 	 0.511552 	 0.043586 
97.4 	 2.1581 	 0.0216595 	 3.80893 	 0.0522836 	 0.511631 	 0.0434208 
97.6 	 2.15871 	 0.021611 	 3.81042 	 0.0522927 	 0.511719 	 0.043217 
97.8 	 2.15913 	 0.0216552 	 3.81155 	 0.052308 	 0.511817 	 0.0429612 
98 	 2.15936 	 0.0217716 	 3.81242 	 0.0523324 	 0.511932 	 0.0427387 
98.2 	 2.15951 	 0.0219337 	 3.81317 	 0.0523565 	 0.51205 	 0.0426447 
98.4 	 2.15977 	 0.0220857 	 3.81394 	 0.0523678 	 0.512127 	 0.0426559 
98.6 	 2.16018 	 0.0221437 	 3.81483 	 0.0523564 	 0.512168 	 0.0426333 
98.8 	 2.16053 	 0.0220625 	 3.81597 	 0.0523055 	 0.512271 	 0.0424481 
99 	 2.16061 	 0.0218908 	 3.81748 	 0.0521995 	 0.512538 	 0.0421066 
99.2 	 2.16048 	 0.0217191 	 3.81935 	 0.0520562 	 0.512954 	 0.0417551 
99.4 	 2.16039 	 0.0215846 	 3.8214 	 0.0519302 	 0.51339 	 0.0415482 
99.6 	 2.16051 	 0.0214657 	 3.82346 	 0.0518646 	 0.513736 	 0.0415265 
99.8 	 2.16084 	 0.0213462 	 3.82543 	 0.0518559 	 0.513982 	 0.0416336 
100 	 2.16127 	 0.0212326 	 3.82728 	 0.0518659 	 0.514167 	 0.0417928 
